1880
6932
1928
4599
3036
91
3595
5109
2417
2614
3415
1893
6468
1590
3279
4281
5779
1124
6905
2046
6564
4235
7232
4576
6153
2352
3271
2760
368
2922
4887
4853
4807
5750
4352
846
5475
6851
1686
1653
1501
2882
2599
4619
7249
49
305
2524
811
705
4291
1392
2464
1176
2983
7509
933
2191
5129
174
5541
3110
4510
800
2314
2170
1984
5390
3399
7196
4214
4513
7176
2592
6143
6208
1284
7000
7370
4364
4489
376
1816
7298
2480
5790
726
7515
1088
3074
449
3682
4156
5958
447
4229
5502
3159
1565
1375
5928
6510
721
2363
2611
6204
7402
2804
1849
5677
7122
4823
4170
243
578
267
3900
315
6833
6152
699
4758
5836
7311
2194
2815
4659
4422
4572
2734
808
1637
5170
1382
225
4282
7071
1320
5895
3906
6309
459
7191
7544
359
7220
5353
1494
2732
1164
2911
7145
3258
4191
6093
4907
6360
1407
3947
932
1396
295
263
113
1311
551
4665
7153
4945
6371
6021
1552
1936
5505
5311
985
3896
4786
3901
6217
7566
4211
4160
410
6931
778
90
693
2063
5003
6424
389
7247
3774
437
6916
3423
1742
375
4463
942
979
6940
1960
5885
2968
1109
1937
960
1236
5813
1566
5344
3733
7519
856
2158
2833
2586
2622
1662
2883
6205
2256
7525
245
1650
4036
4877
3941
1525
4577
4133
4782
5745
741
4026
5242
6383
3407
2183
7072
7289
1185
6200
638
1863
5700
2800
1687
1528
2057
870
5520
1326
2551
4595
6866
2196
2649
2583
2283
5974
464
5093
2040
4591
5328
2280
7095
2407
6158
2918
7202
1208
5833
5542
292
5112
1870
5634
4500
372
1130
3157
4744
5768
2512
5337
1888
2591
4464
4784
6009
5902
1831
148
1204
2385
5463
2847
1364
2861
7014
5204
43
6671
4752
3042
5203
4801
94
1416
4955
709
3151
1401
6012
5017
1347
4826
3788
6789
1881
5254
6978
6730
6423
5193
7409
3178
1841
5935
3198
2008
1275
6494
6643
5358
2541
6934
7357
285
5018
7165
6001
5301
5550
3340
4783
5559
279
5540
4991
2095
805
1447
3656
417
1820
4158
3339
1012
2200
7543
3724
2689
845
5601
5626
6862
1520
7161
5752
1701
3071
5108
6147
503
740
3046
2674
6868
7134
2616
2578
7440
1620
628
518
2565
6976
319
652
1168
1363
2113
7201
1761
4234
2131
2451
2413
2268
5363
151
7418
5930
6858
1904
1492
6098
4558
5492
3115
4530
2373
3875
4044
3212
4347
567
2365
2609
4820
5641
6046
7522
6155
1495
7306
6827
5535
4080
7045
4391
6274
1766
2386
5795
4874
1994
5736
1672
6563
1103
2260
2072
657
4998
4052
3494
6744
2763
5037
4697
2185
5010
1158
5990
6194
4700
5652
2154
432
86
7590
5650
7417
6646
3797
7082
1909
692
925
4661
5999
3516
4622
5189
6432
2102
1707
2652
6068
4218
1645
5996
4143
4854
1516
1743
5855
6821
88
6990
6043
7330
6737
4192
7438
7049
2420
3155
4406
1199
7596
6684
2939
6218
6234
4605
7200
2525
7570
3830
6389
2028
3649
5178
2
7467
5179
983
6544
5087
2265
6138
3364
5057
7279
5174
7365
3361
1942
5235
7413
3239
3771
1327
935
5555
334
7159
3958
6513
3039
501
5106
1193
3366
160
5165
4741
6638
4402
2292
2124
3023
6148
475
6227
6678
5808
7368
3195
4236
5149
4393
2460
163
4423
2179
2720
5250
5723
5910
936
3092
6767
17
3742
1278
1995
4325
7104
5466
5325
7280
5644
1336
7103
7379
5846
904
1248
2068
6593
259
4903
5858
1108
5558
1946
6245
2499
4935
6512
247
3316
5797
3124
1077
4817
5903
3427
5649
427
5133