5013
4925
4316
1629
3448
361
3041
1482
470
2839
3811
5782
1030
4086
7561
2495
2249
4625
5028
1882
4429
2898
3641
6462
3938
3180
3411
1908
2598
7419
1780
4851
5270
7060
1713
1489
2133
1594
281
1064
5551
5496
3683
7147
4260
6797
4951
5973
48
5984
3804
4520
4667
6519
4614
2704
471
3014
929
117
6303
2324
5971
4976
2706
4199
5669
1752
6022
401
6658
6999
2104
1985
5290
3261
7529
7076
4161
568
3750
2055
4122
6060
3275
6555
1852
2834
7489
5483
3297
5246
438
3871
4437
3916
3277
6549
7408
121
3050
1031
4215
3582
7423
5403
311
1225
3805
5322
4838
1041
755
1150
6146
1537
4525
5841
5029
5047
1021
79
5985
1159
3602
2770
4888
6546
5471
5504
6339
7305
4165
2655
7496
249
4462
6446
1084
2110
7373
1774
2588
2294
2648
2493
104
2349
913
3717
3770
4819
2937
2680
5220
7538
5648
1180
6024
7461
6733
4607
6329
207
6846
3107
5356
2675
3701
3106
3753
6998
3817
6133
2204
6607
87
5025
3173
907
1483
5786
5579
4739
2051
679
701
4244
6871
4927
2472
1023
1071
5104
733
2368
199
1993
3322
4942
1471
10
7263
5321
1191
6175
7374
3117
7117
2527
5997
3620
5419
6452
4551
4296
1186
7488
4171
944
7102
2626
119
3578
6708
3158
6438
975
4129
3515
3667
82
394
420
1270
4163
5079
3565
898
7203
4992
6986
274
5668
3634
4394
6483
6415
5221
5633
5434
1538
5510
4377
4792
7233
5679
1112
4754
4554
2423
6523
4509
4550
667
5811
6566
3391
156
2840
1591
1013
1474
691
175
7443
1704
7381
5829
6748
1678
3160
1918
1322
5265
4033
4049
6515
2750
1673
4043
7294
3568
5632
1582
1440
5292
322
3527
2855
73
352
2811
3545
1578
2342
1648
1276
3529
1140
508
6604
6005
7262
7048
4284
3321
4001
7454
6053
485
6836
707
6817
5528
847
6913
7167
7430
6736
4505
3731
2254
7472
3603
4962
3013
2111
980
894
6289
3507
1467
6509
6419
429
5169
5366
6240
2064
512
3744
5716
2108
6137
3718
6241
1719
919
3704
1978
4937
3648
1473
7243
6165
4568
6062
3176
5556
5598
443
5482
1674
4473
3637
3169
1291
385
4290
3209
2944
3154
2977
5557
3052
1689
3663
4272
3541
3165
2220
2066
52
6126
639
5016
3877
6186
316
3082
7535
5659
7183
1703
3080
7524
7178
2503
1619
1102
2206
4984
2639
4181
1628
2075
2431
3249
2935
2715
6362
6969
5506
5993
1462
6117
2020
3996
2372
2270
798
5286
6394
455
5058
5194
6116
5374
6674
4032
2284
7115
7339
1491
3215
481
1234
7428
208
1243
3121
6466
6173
1371
4479
6190
5718
905
646
198
2405
6584
1938
2303
1181
2047
5861
6026
2166
6804
5331
3968
7155
6228
6487
1323
3127
851
3967
3015
7416
3396
2549
7337
3084
2637
4373
2221
1595
4852
7039
1194
5747
4522
1433
4660
3914
2327
6054
1684
6244
3794
3807
3926
3244
3073
4953
3610
2015
3425
2710
2619
108
4343
6648
5926
5852
4990
860
6395
4094
5275
4800
625
1037
5080
1190
6448
2019
4357
5822
2580
716
5443
2784
5130
1476
3217
1228
4115
7555
4987
3251
803
2384
3394
5282
2751
5501
1925
3034
1716
4469
2569
44
4712
696
7562
5798
3537
2097
6258
6788
5516
3738
1911
332
2082
5491
3105
5868
5769
1082
6121
2724
3443
3298
2141
1915
350
4326
3630
5697
5113
7579
239
168
4381
3129
1642
5643
6087
3816
5398
4238
1802
1166
5667
405
397
3894
2383
3469
6620
1991
6151
314
2748
4101
4333
1675
6720
6558
4186
7139
2963
2779
3670
6181
3588
6474
5427
3608
6109
7259
3363
826
5044
3678
6983
3826
190
3149
7303
2646
1632
862
1070
2625
3283
1975
565
756
303
248
5889
607
1564
3912
2658
2909
448
2753
1783
5210
4584
5831
2357
6501
4958
2287
4030
3661
1764
2391
4248
1390
6492
324
2546
4834
5399
3450
1905
442
2536
5544
2934
883
2406
1906
7075
5027
7146
5063
7364
381
2059
4705
2189
6410
4239
964
5188
3767
3168
1370
5138
4698
5621
6129
4312
3546
6457
7586
6988
5815
5562
3182
4508
5994
6591
632
6447
3057
3690
4322
2739
2624
369
536
3581
205
6080
4372
1106
2707
1299
1099
516
6086
5369
1115
6222
5120
5153
697
620
5043
6290
7492
7592
3090
4315
724
5593
2802
1006
4901
830
1507
7334
5226
2251
2997
7362
4733
1288
5695
6214
2515
4724
4128
260
1823
367
2645
6478
2993
1455
1797
7527
3758
2120
4866
2668
6869
2167
6696
2572
129
7392
3761
5046
3012
6822
2346
3452
4266
3377
1215
2139
1747
7512
185
6346
6903
6772
5430
4544
6719
3955
1078
1676
4346
2725
5628
7130
525
927
7559
1963
2246
533
2156
3179
3462
4185
1777
3829
6752
6377
4963
955
2590
5655
6562
5817
3909
3206
391
4342
3858
6465
6249
492
4859
4403
759
2218
4411
4880
7557
5119
7530
5441
38
6550
6004
7295
6110
2341
6716
4565
4686
2627
2203
1958
6373
1986
6162
6750
5893
4078
2498
4035
3921
3245
1898
571
7092
7573
1858
4766
5097
3887
5979
6150
5767
4896
5335
3477
6288
2974
5489
2080
2136
843
2919
1560
981
2774
4894
6860
6843
1814
7009
5537
6182
4253
853
3296
5350
6721
6629
2526
4155
1315
4747
2328
6223
6092
5417
1300
3104
4612
3832
444
2443
3619
2014
2801
6886
1567
476
675
6626
6495
2587
7062
3231
5115
1581
2829
5317
6463
7106
6088
1756
3142
4905
4246
606
5396
2049
4636
2959
4519
5359
2309
6764
838
5334
7583
1119
152
6284
2799
4496
1533
1123
3892
560
453
2429
4668
2640
4693
6985
4793
7024
7182
6106
6385
3560
4646
5294