5377
5694
3131
166
3196
5076
4353
5771
4594
1575
2449
2390
2355
5690
3856
5796
4704
4743
4672
4780
2690
413
5272
5142
7393
1018
3306
5859
5448
7282
7084
4148
7588
1633
5989
452
4809
645
6496
3384
1954
2448
825
7582
2261
1981
6559
2594
5670
1391
3781
5964
4822
6698
3639
4450
2181
6322
7571
3079
6773
5103
4384
941
5686
6765
2011
3238
424
2571
1286
5074
782
892
7377
6156
6184
1287
5896
2735
5603
7463
3520
3496
77
1144
4982
4709
6017
2792
5978
4633
2430
5287
6264
5181
1459
6069
6745
1227
2045
2316
6824
7168
220
3730
6528
1518
5258
970
4204
3476
3305
1661
695
1751
2709
5503
6247
5631
7285
2029
5741
1151
6283
3120
3005
2476
7584
4994
1469
2891
5240
2106
6667
1646
593
2757
1306
1405
3248
1691
33
4756
7231
2820
4944
5487
885
7093
1807
5880
1487
1051
3870
236
3413
4588
840
4141
1268
408
1679
5372
153
889
4467
2461
331
6710
5341
534
6569
2446
7536
3812
6993
1271
6575
566
1790
7224
3171
5932
2210
3881
4653
661
61
4821
505
1612
2282
3099
1118
233
3370
468
1509
5840
5002
3193
2813
1835
6161
7258
587
2128
1588
6784
3474
2193
3093
957
2415
4104
4808
5946
6028
4341
1129
4539
2308
5253
5656
7394
7501
7078
2667
3254
6929
6553
7166
1844
5461
4430
874
4566
4706
619
7494
1105
5754
5241
5883
3044
60
109
4677
4067
4719
7320
6814
1233
550
4127
221
3688
6554
6859
6735
1809
6295
4629
2812
11
6911
4832
7073
3464
1987
5755
4523
786
3625
4609
1317
4388
7360
3282
4729
4336
4208
1182
4241
3815
170
7254
1698
7351
3319
2669
3936
1839
98
4895
3773
2138
5362
3397
1584
7026
6471
2702
4728
2863
3210
6277
4184
688
7577
2566
4841
7352
1125
5451
7127
1529
4427
4075
7149
6504
6235
4883
3466
6669
5021
4271
6491
5474
6237
5785
4242
6337
1505
5051
7154
3868
1806
1079
6232
1200
5357
6625
5243
6854
911
1292
6174
878
6433
3644
307
6429
796
1859
5743
627
728
6611
5410
5303
5947
3743
4317
3822
3111
5278
6877
7495
7210
4778
2979
3869
3720
3288
879
3613
572
4356
5886
2600
5597
2593
462
111
3574
4484
6209
6953
4730
5918
1512
1910
3554
496
4491
3800
1117
630
5586
5820
7448
511
4825
1574
6273
7272
5477
7432
2926
2188
2552
2604
461
178
2038
6681
1846
6947
4775
3472
1373
6216
6624
3997
4061
3971
5587
3998
454
2864
360
3902
5409
7234
301
4546
1265
5514
5721
309
2398
4548
3351
562
1519
1266
1649
6606
4099
734
548
6256
5467
7211
4933
7597
6974
5731
296
2986
2907
6136
6617
4699
1345
5733
1486
2789
1034
3070
579
2500
6319
1173
6157
206
6548
7283
6197
6361
5445
6855
3403
2982
7350
3350
5939
5116
3331
7484
5986
1065
3247
4589
7207
5323
3534
7576
2656
5629
3960
7252
1142
2972
4093
7316
5570
3199
521
5052
4707
167
6198
6921
3615
7266
4720
2537
6480
6391
189
2814
2315
4575
6712
7342
1359
1254
6975
3031
3929
5758
634
502
2683
5673
906
2145
1561
677
2995
7030
6902
1708
4455
6221
1504
7032
3372
4062
6906
7399
1695
1139
4089
5233
809
3143
5438
2743
5162
4454
2930
7328
1057
318
5862
6522
2948
5582
6265
3292
2137
3081
3999
2738
1472
5692
750
2083
926
4374
362
3714
1052
751
4528
6103
1627
1667
6570
5538
1597
482
5573
4578
3848
3599
1711
4417
6800
1047
5919
4243
7070
3303
5642
4731
1314
945
4389
1770
3201
727
1394
42
3260
4900
7238
6799
3707
2142
7358
1263
538
3067
5111
2176
4507
353
3872
2540
2369
3500
2679
5770
3583
1341
7197
7580
6412
4220
4187
1656
2033
3400
7569
6037
330
1724
3722
4845
7310
3867
783
5364
5553
5473
1714
2781
6818
616
4663
1294
7081
4397
2509
5765
1026
1210
6652
2364
2532
5183
5152
2965
6169
6579
2132
5980
5387
5201
3691
6511
5291
5567
4404
2465
6348
3551
5912
1411
6644
2633
3590
3769
577
500
4329
5665
125
3153
1087
4051
6857
5708
1647
1856
918
7226
959
4536
3422
1526
1819
7042
2780
3417
7028
6780
2473
6254
6672
1361
789
1929
6007
6070
2255
6642
3923
2273
7396
7517
4556
5481
2885
4690
3148
4088
2555
7531
6473
6272
6413
5865
5081
6192
7288
673
6927
3932
3315
3376
4683
5164
1866
3335
16
4380
3380
610
553
3734
1796
3068
4275
6663
1794
5349
7568
539
1950
1138
3633
6714
1586
962
7116
150
4910
5484
5300
6526
2860
6308
1706
5126
1894
3660
6568
1969
19
742
4139
2890
1589
5527
3445
5205
5830
6656
4769
966
2504
951
6067
6401
1498
4914
4829
732
5490
1935
7261
4070
423
7125
2584
763
6533
3851
4515
3594
7077
6065
4392
1617
7361
744
4696
4487
2076
5780
6270
5580
6336
1559
7214
2945
3849
6286
4516
139
1544
254
530
2259
346
4202
2615
4545
3375
5048
795
4059
1838
668
5415
4451
5801
4055
4302
6063
5089
335
4355
6428
6263
7340
7110
3456
513
3780
4166
3183
5683
3010
1709
3988
6848
1419
2140
3621
6532
1974
3478
6111
6609
3440
923
3539
1508
3101
5907
3930
1799
7128
1585
6078
2894
2215
1149
7520
1009
5717
7498
2395
5729
1522
255
6025
4692
2483