3995
6600
3490
6310
1670
5304
5534
4475
2219
514
321
4309
5388
3708
5135
4320
7189
3229
6338
244
3751
337
5131
7460
2248
1177
5380
4245
409
4560
1554
467
323
5872
5864
1369
2034
3562
5983
5125
2271
1321
3056
4555
433
5615
6825
396
6081
1132
6894
4395
158
4447
3000
6253
7274
3544
1090
1850
451
2190
4579
3002
2758
666
2886
306
4985
4517
2862
3838
2618
349
873
6168
2501
5764
4396
7464
4414
1510
1241
4457
4255
557
6536
4074
3726
1953
4162
3502
5124
7301
7138
3344
2098
5255
3493
5068
2477
5821
4570
1903
3449
2374
2953
890
2714
1209
7366
6364
4642
1562
3479
3152
3483
200
4008
6072
5773
3538
4432
1335
6635
2737
7345
5931
5892
6783
6507
624
6835
3957
4209
7135
3325
4085
1748
2232
294
3843
2311
2581
6048
2112
7546
2511
2159
1290
131
4670
5143
2818
852
5724
93
3062
5114
6664
7180
7574
517
766
1773
439
3485
3915
2216
2289
135
7446
6102
3689
2914
3482
3846
765
2361
325
611
3653
5123
7391
6942
1864
2824
5712
4641
2004
4767
5050
7363
4725
228
4438
7455
4002
828
1671
6238
3665
6066
6874
6958
1049
5281
7533
1198
2100
2223
1782
4535
5702
5749
5839
6673
4344
3673
72
7169
4151
3291
1630
222
7425
588
5909
23
3521
3256
4897
479
4065
3566
1801
5713
5809
7343
2574
881
6957
7269
992
4727
676
1779
4773
1771
4632
5509
6801
5799
5413
3475
3790
626
7499
68
1281
188
3979
2514
5988
4486
5023
3102
2736
7421
2677
7230
5575
390
3510
2644
3156
4117
7565
4511
4071
1952
2703
5218
2228
5645
4716
1606
5066
6261
4452
7257
7015
5735
2809
5065
355
3045
6355
213
2286
6164
6645
6599
6036
1677
3833
5530
3272
5099
2970
2806
2085
6878
6956
2620
14
3918
3246
2035
601
1784
1451
3434
6690
3116
6449
6856
6353
6363
197
465
6761
5038
984
2755
4603
1003
4046
4966
5807
403
1307
2502
1154
4679
2006
20
820
6952
1949
2445
5384
2728
2160
2601
6647
1332
5313
2496
1876
5406
6505
41
2177
527
4540
4119
4348
4602
7206
5853
147
4068
282
2925
5663
2468
7129
7405
5014
2877
7057
4138
7240
2272
343
3922
642
6717
7323
1791
2050
3635
5863
4869
7170
592
6845
1569
5361
1818
3911
5191
5843
5955
434
5365
7186
6276
4639
2663
3
3032
3007
4932
770
3242
5838
3861
6259
1273
3455
4490
5524
776
7564
387
3310
3385
1758
2330
7542
5835
4247
2276
4485
6013
5860
760
6318
5921
5232
5392
5276
4608
5222
2175
7003
4416
2682
5998
1920
784
6915
5045
4988
797
102
6382
5680
3509
7483
940
669
2988
5900
5848
7567
3597
2466
609
6981
3593
7442
6580
5614
6754
6791
7120
3699
910
7478
5033
99
298
2016
4379
848
4717
2940
4050
6246
5546
952
4938
3778
4150
5001
3852
4656
2195
5748
4079
5949
2041
4957
3008
4856
1239
988
865
7236
1715
3924
6641
585
768
5800
1346
1413
3884
1641
7390
3841
5591
4488
6534
2740
6236
2872
5825
3824
2539
6422
3945
6688
1365
4000
833
1019
37
7063
4225
4492
5288
5945
4472
237
5525
3392
2088
1448
7299
5761
7152
2250
584
1549
2554
2687
2686
5391
7255
6140
1445
1798
4969
2418
6706
1930
4893
2819
2866
2441
4531
7476
6961
3828
5810
608
2589
6602
1008
4005
2838
5055
2595
5646
229
5651
2115
4376
2313
1939
3300
4461
5867
6163
6742
3060
509
3191
1366
2505
6472
1213
4251
3934
5778
5756
95
1785
542
4795
1135
2606
2236
6352
817
3087
5581
5548
5687
6239
590
4048
5199
6097
2848
2561
3885
5302
4843
1068
3386
3668
5192
65
1956
5494
1046
7046
31
2892
3543
4573
6378
6769
987
6723
7121
3793
7001
5940
5832
4647
4839
6334
2340
1973
5515
4673
1293
6056
2657
6955
5273
3058
5248
7287
7083
1313
1016
6096
5408
5433
4426
1657
1829
2320
4149
366
4385
3337
6213
4047
1753
3980
3920
730
1746
5688
3263
2681
4776
664
2024