3387
5277
4532
317
1220
3420
1749
2605
3859
1277
7449
4332
2773
903
528
4015
2516
5005
242
3831
2961
4956
7006
6774
2214
3086
2463
2486
1815
2242
3360
6726
1137
5726
2716
1485
2143
891
3931
6441
1592
5612
287
6045
2048
6930
1660
3601
3591
7133
3946
531
354
1387
6586
3518
5105
2542
1907
2966
1453
183
21
4303
4867
5664
5324
6321
4361
4365
3677
573
746
5450
2238
5657
3977
192
275
1141
1197
2650
3626
3813
3837
3850
4105
1825
1295
6695
5084
4292
7227
5812
1828
5121
815
681
7407
1885
6407
2676
3491
1793
4710
2636
457
5239
2306
7181
2052
195
1165
4533
2433
2823
1527
1029
4425
4458
4746
4324
4803
1726
6325
5464
4912
4200
3333
4999
3558
2905
6091
4638
5195
2331
2798
7329
6823
2326
7372
1044
5901
6785
3330
6049
3866
5336
191
3768
4010
7427
2867
3213
6399
4003
7556
2869
1442
3221
3501
2999
1086
7085
7594
5159
2672
2444
3088
1658
4407
3021
6520
4939
2943
507
4781
3939
714
6794
4753
124
6094
2920
3992
4474
97
1503
3530
4816
7267
968
4
13
6105
55
736
7086
5416
1251
338
2168
6340
1964
7526
4689
3711
6119
5444
2022
7349
6830
1826
1921
490
6409
2878
2078
855
1435
5684
6044
6831
4745
3368
629
1111
3203
3622
5802
3555
5370
953
3061
2754
1553
7074
7286
5070
4057
5826
3262
6897
814
1836
6585
54
6345
3253
6393
7451
4480
302
5150
1668
6605
1688
703
6844
1913
3284
5760
4125
2854
3585
4598
6435
4252
7148
1074
6837
2980
1875
210
7281
4502
5163
4351
6219
4498
1514
4797
6954
6583
4445
5376
792
3895
6335
4321
1428
2202
1982
416
6416
863
4114
4691
4369
425
5160
5190
5476
209
6627
7398
3341
3819
3952
35
6756
5703
7284
6588
4674
326
2351
6937
5676
5306
5792
2787
2989
5041
3181
1354
5008
725
4813
2957
6132
7068
179
3346
4415
2947
6984
5094
2197
1201
3571
3072
6865
5206
6404
3567
4188
1202
2404
3853
2761
6003
3638
7151
954
1887
3336
4287
4748
3605
2484
4861
6900
6386
3531
6443
4323
5563
912
7268
2507
5966
1414
2721
1573
3379
876
5674
3085
1257
2908
6141
7500
6403
1449
5402
3956
6324
6538
5828
4097
7424
5957
7591
4109
5040
2013
7491
5737
3937
3944
6430
6676
1830
6790
2563
4456
2708
5314
6912
5834
2235
6444
5148
5707
4543
2768
2901
2713
6299
4873
333
1205
7346
1339
5053
1145
583
5894
2442
1432
5554
278
5198
7019
1308
2422
2875
921
4643
7309
3652
4499
4453
3112
6758
2975
1792
2642
2718
1833
1739
2769
3424
1580
2279
6489
1127
2089
2884
2568
1042
2455
5566
4831
27
928
7354
2101
4014
3223
5606
3796
5806
101
6540
3442
869
4587
3471
5607
3027
5933
114
4024
5605
122
621
682
1007
899
526
6815
5386
4259
4120
4481
6384
6112
1479
1438
2121
1655
6734
1665
6050
3146
7017
4198
4736
5343
3430
5009
320
6135
2257
7507
5814
251
3961
2147
3481
6893
6079
4358
547
5512
4300
6108
6524
2291
4858
6763
934
4682
5804
3889
3519
2946
2559
1611
6828
430
6621
5977
435
3974
5873
4751
3109
4844
718
3301
4621
6982
3809
1187
5619
4037
1232
3703
6933
2155
2522
963
1927
4827
7229
6838
2530
1506
1808
7053
5917
5107
4205
5310
6059
4501
3676
2978
6968
2893
3640
4297
2135
3949
5991
172
5845
5660
6485
3740
4993
4759
3783
6725
1424
6196
5161
5425
4671
4106
6613
6582
1456
3737
559
974
7094
2164
1760
4164
261
498
5280
3177
50
58
1429
5187
6992
6074
85
5229
6809
1378
4924
7331
1069
6077
4076
3746
747
861
599
5449
6041
3614
2266
4571
327
886
4387
5759
6610
1897
2262
2471
5497
6400
6326
4871
3123
123
5823
3186
6980
4436
4503
2359
3299
5805
6506
1312
144
7058
4157
5682
161
5588
1720
2450
6697
4864
3398
3786
4339
1095
3362
6498
3888
3963
2711
5309
2161
5783
7225
7514
3698
986
7205
169
6312
6592
2397
3016
2275
3973
6131
364
5252
5705
2858
1712
6020
7185
1033
4318
2233
2489
1947
4092
2403
7061
6120
7348
2665
1075
7215
6406
6589
1502
4123
6633
3943
2852
4173
2874
5257
4434
6776
402
5899
4949
6595
6650
1083
3224
5447
7406
1534
3017
4386
226
5772
6292
2281
754
5742
1601
6757
5711
3402
71
1122
7066
1400
2092
4190
2394
7403
6808
3646
4233
3862
3587
3570
145
6907
7300
2841
2090
266
4274
6572
5517
1133
487
2392
3488
3693
4144
3287
3953
7123
2651
3675
404
7553
867
1967
3842
2421
4039
7256
3429
1901
5352
1014
7054
4460
1
4169
1282
6634
4398
1389
6125
1329
217
2730
909
6781
4891
2198
4082
39
854
4506
663
6178
1441
4444
575
173
1444
3167
7052
6376
4442
6420
5898
1609
1997
6123
6331
5283
4946
3981
2348
6083
1608
7598
107
7250
924
3441
3755
5720
7219
4592
6006
4227
3187
407
3825
3752
1541
4597
3847
5075
7468
3401
6408
3511
2081
6989
5816
1113
5446
5968
4947
5734
25
1279
4025
431
2438
4201
329
445
2457
2949
5507
849
4678
3671
2497
831
6201
5479
3161
2967
3791
4862
1410
4624
2000
1811
7271
4770
4390
3886
304
6704
5428
4360
1664
2670
4542
582
5962
1285
411
2641
1623
7277
6895
4083
670
6375
3033
6943
802
5312
7547
4073
3222
5247
7004
7375
5216
832
1738
3991
3606
6456
5404
915
687
4449
812
623
3650
5653
6351
1998
7109
6870
6023
3083
4830
1744
4904
7497
3388
6962
4433
761
3489
1412
6100
2010
2094
2830
1310
2776
5397
2520
5457
5360
5596
4471
469
1804
1388
76
4145
1767
1040
6715
7473
3898
428
4876
1728
1821
4154
4652
1558
3513
1523
997
6421
2070
4846
3651
6191
5230
1517
5681
2304
5584
1731
5122
3294
1651
7420
5429
6691
5942
5875
299
5905
6630
7332
6923
5351
7187
4726
141
5719
3579
2553
6622
6278
3128
7131
1454
2227
1757
2608
6380
4443
2475
5440
2831
5953
6207
5064
3913
7246
7319
89
4100
5891
2105
7228
4023
5083
4007
2184
3029
7382
1683
6995
3302
4428
1147
7404
4230
240
2005
4042
829
2380
4812
5407
7312
2329
2244
4899
5944
3065
3098
5054
1134
4855
6700
6297
6543
1737
7595
4734
4477
5315
6541
7587
7245
1996
155
1786
774
422
3835
2253
1568
1931
7113