22267
12185
5791
8239
17054
3974
13985
20261
9592
21446
19617
17963
4019
11800
18625
7804
9515
14440
5885
19323
22018
10660
10584
12131
1968
18049
14247
4063
15356
20672
3366
8910
15627
2431
21023
19448
6521
17071
10973
7225
3985
17094
6566
2717
3763
1103
12367
3987
12397
12787
15831
8956
11145
22098
22199
7769
1170
3973
2989
18756
3622
534
13995
21067
2726
18058
8992
5730
14966
18269
21207
21026
7073
1084
16949
5762
16662
2167
8362
3199
9913
432
4919
10931
12595
9241
18897
16581
9750
2729
10447
6265
12521
14927
14183
20169
18071
14560
16441
14922
14052
5199
21035
5451
16899
2970
5847
20052
13089
19728
22089
2154
3724
15354
5625
12218
9758
1900
1787
14504
5841
12235
8417
15089
12374
8227
2335
8514
7741
11854
12726
4968
21421
6529
15537
8742
2812
19451
12360
5748
12700
5188
15956
8399
7370
21717
14590
16389
427
20408
8308
15073
5357
12702
3968
13549
10627
3499
2833
1811
3198
4821
14989
12778
2679
5139
20782
3906
12643
15212
16806
12178
10791
12372
3112
14854
9176
20434
4847
15435
5904
230
11825
523
13128
7524
21493
1869
20908
790
19929
20888
16228
1339
7977
8065
19649
4309
6695
9788
2636
13203
10790
13605
7188
19635
12002
4070
7196
19501
11757
14785
3907
10781
12330
16415
14457
18899
15833
14055
20646
22031
20702
11278
5956
14230
14210
3812
16558
1144
4430
9634
4986
11571
1086
19477
10472
16885
14996
19909
17393
10701
2738
4960
13604
22360
10587
1327
14878
5906
21353
16192
18214
7111
13962
16223
13524
19600
6989
19712
9316
19823
5115
8949
13101
7299
1441
2026
16029
2037
12690
18225
6388
8374
17418
16343
2053
11706
7211
3488
2621
11242
7994
1847
10857
16126
12344
11032
21111
847
19514
14787
15287
10036
1486
13797
4113
7060
17943
12416
11922
10256
7269
5259
10229
19363
2039
5299
3457
13780
12772
7350
4892
1076
15993
21461
4745
21136
9349
72
13460
2126
12301
9712
4802
5013
10854
18236
6407
21362
7958
1024
11207
3147
13059
491
1269
6310
12462
6893
12102
11340
17632
19988
22377
16854
19497
2824
9030
18723
10818
3600
14503
21281
3893
4017
20732
11392
18072
8875
13240
20805
7817
16603
12784
7119
12682
4726
17947
6241
14656
19769
21891
11121
20665
13584
3736
12905
10382
7051
10445
21165
11395
12386
8853
20834
13806
12028
16951
5701
20912
19542
5938
18971
3753
1218
1085
17968
17788
9019
2592
756
2619
21892
7944
10889
22109
18156
9141
1128
1336
3744
20266
7575
15141
12251
18417
18604
15997
10023
6858
19595
13577
19001
21360
17483
19840
4560
3121
12175
16128
21826
6347
10665
17063
4447
20472
17153
2112
4514
2036
2835
17858
12871
15550
16150
20034
11997
3437
14344
15086
3571
14736
19913
7784
3810
17919
18502
1143
6897
6789
21300
14238
3038
21953
6647
7902
6983
22073
9926
1301
8872
14310
465
4319
6374
8889
12398
18572
11982
3819
7503
2696
21634
3758
8003
5057
15206
12809
7067
19108
12461
11189
8172
20286
5281
1732
4288
21671
7807
18155
5137
9583
9376
17930
20076
13556
7616
17552
17159
10407
11244
13998
12223
2110
19285
107
12630
15088
4733
11061
19554
15484
10104
12414
7373
3409
21179
3813
8877
12479
13842
14004
16193
14175
15077
8970
14893
14405
20239
16270
2018
7249
12147
10615
8433
1072
21724
9554
10048
8206
2236
9217
21685
5206
15733
1414
6587
15151
7774
19193
13097
18070
4999
21506
18688
10314
19859
9944
18475
5343
19423
19320
20400
18527
9134
5106
21679
18052
9892
16832
11371
4875
17514
9553
17109
3243
14865
8691
18057
13890
4583
9372
17999
9144
16052
4551
21828
6931
18318
15722
18997
17275
6512
2617
19937
232
4584
9314
12483
11496
10861
13596
13124
8795
11133
11594
3411
147
18120
7277
5563
16573
16613
9260
12897
8952
5310
10601
4931
12019
15131
14326
9275
21709
2716
7613
5443
13707
12743
462
14450
2253
17736
5578
11846
8603
15774
5062
6366
17627
9579
4142
11859
443
1053
10101
17096
3842
21257
13072
22253
17386
16209
3020
17695
7465
13368
14026
1960
7880
18854
3263
1533
9791
22315
19111
2392
3534
11388
7454
3650
18205
6232
1278
7240
10765
12806
17769
10427
20290
15181
11237
6746
11069
15664
2087
9744
636
6709
7544
87
2148
21721
19802
18029
17471
12761
10365
20728
4493
14092
19934
18925
21714
2605
9845
14688
12391
4841
17689
16554
17093
19226
16160
11958
17521
12209
9098
9823
15874
16788
20302
321
2831
21770
17084
10843
2204
19017
65
13023
20638
14049
9333
7258
4367
14885
4194
5535
1392
4011
5130
7243
2210
10484
2758
10806
21389
15254
10769
20897
5719
8484
5896
7275
21716
21849
3658
1119
20904
7421
8141
17909
20376
22329
5221
15518
8447