11723
398
5213
7825
10554
14974
12024
12409
14442
12941
7871
21788
15228
8319
11338
13105
1471
12305
2157
9035
13874
9731
9242
6417
15372
15673
352
15773
11179
9354
12162
16883
18249
8618
309
13037
15641
4517
10248
9699
13709
16663
14618
7775
5245
21781
544
17421
9850
1395
21084
7355
16319
20335
8016
16589
11073
4915
10755
3729
19319
22197
17309
1323
2002
22271
3725
20298
18406
461
11201
3019
8895
13053
883
13532
18786
12058
9691
20694
19721
20870
10709
4966
19009
4363
8588
19657
8487
7744
17906
4682
6447
7816
6532
5368
20796
13350
14994
11129
19015
11162
8968
727
14491
14675
12568
14161
3200
17250
19503
16365
19663
16553
3667
8763
15929
6476
15256
216
161
14137
11953
17758
19126
16383
402
9248
11289
12314
9969
16937
1827
487
13592
9484
15857
18115
20526
1042
389
15469
17307
9279
15236
2632
9739
1791
1289
5313
8504
14088
627
15688
10197
21640
2916
6690
20667
12693
17945
7066
16640
2854
22286
13558
15329
615
6067
12450
2827
19381
20374
15361
5273
18802
10470
17085
2181
3130
3310
14652
7301
2714
12548
15817
18882
2207
15900
10662
12649
16186
5186
19878
20749
49
10977
16560
10002
20351
3555
12063
14280
16618
5064
3392
19087
13763
9205
5745
18843
20711
2061
18268
7727
11492
2841
18810
11813
9249
17756
20758
10759
9827
3747
705
17612
11710
13073
20795
22159
2364
571
10930
18812
7448
13848
2361
721
19064
14683
2051
7300
8324
21585
19704
21957
20071
12401
2179
4205
21581
21160
8165
4050
945
7296
11830
16625
15740
21961
16164
3439
8924
3664
5109
6176
21844
16674
21917
11284
6466
20389
7878
830
6026
14647
17998
13335
20720
21328
16827
7252
21628
10094
4819
3098
21855
9447
20032
20794
19360
15808
7463
386
13140
15142
10359
11610
7390
7289
2680
6547
15210
673
17618
8577
185
13879
13756
6396
20185
8596
13945
16398
12038
6475
22299
3937
11593
18285
10397
14016
15434
8803
5170
18179
22434
9252
15897
13185
15058
4453
19074
1667
8615
5683
3108
17494
20213
2664
10277
6774
3016
8416
2675
6664
14666
13899
11534
18911
8017
8037
960
18772
9809
10329
8602
3001
126
7400
21909
11508
9331
8929
16322
3847
12862
17425
4219
17807
7993
14214
10771
14851
7941
10844
3802
5319
18109
18829
794
15157
1585
19776
18101
8696
13669
13184
10336
3644
18234
4072
6723
21376
20425
13018
8996
3784
13376
5624
7662
12596
4511
3760
11804
21621
5392
20740
305
6755
13141
5781
22084
12677
4087
15303
500
13227
10131
19887
15869
4114
17221
3083
21074
5298
6533
13313
16324
12688
6492
21038
17320
19861
4046
15719
15595
9557
5203
7178
8502
8857
16467
15498
19616
15749
5694
15046
1935
16278
19874
14084
901
11255
3992
7086
19067
6496
7873
4629
2720
16547
14143
10459
8711
14475
17791
18994
10310
22399
19933
6813
8637
9773
4671
886
4964
21040
8888
7953
642
8640
19137
21836
20801
9533
10174
6171
20745
19639
18983
21594
10912
18238
3298
15944
10514
12433
16156
5860
791
5925
4861
4226
21955
1865