1659
12105
16621
17495
17764
22256
14364
9693
19429
15312
14229
15263
2144
20959
17057
5864
475
12211
19276
9229
20505
11469
5740
7883
21973
10920
6023
20815
16692
2086
229
426
14610
3734
2203
1789
2017
10673
14355
21186
3588
2131
21719
16433
1646
1601
1783
4210
16649
17476
12602
1187
2528
13663
4654
8112
20734
12600
2887
21324
4928
5758
17936
17648
2316
14976
2278
766
12186
9690
20107
7731
13138
10448
7730
21224
3930
14426
10208
19189
9875
19294
12196
5567
17917
15294
16169
17859
9508
2067
1356
13003
14948
601
5902
14880
8078
9373
21348
796
7169
8762
7495
8703
19093
12052
21306
15871
5755
10544
12093
20445
3990
13487
16746
20744
3286
14698
10408
22019
7212
9832
7619
9146
12655
10454
15703
14692
17466
13648
15564
16022
18068
15084
5219
5117
20722
15836
18448
9962
17335
6573
19351
9876
8948
20989
20002
17816
15123
22129
22356
3240
17146
18759
4581
3266
6308
11670
22037
4012
10953
9733
9966
751
13005
4974
11479
18006
15832
14159
12452
20148
21394
17055
1723
19849
19214
5495
11398
15298
22127
19006
16578
15147
10062
9505
1279
1987
9276
7128
13491
16059
19698
19324
956
19377
9686
12730
11424
12943
6032
3878
7849
4388
6479
18438
10751
15308
12125
19610
13307
10085
6729
1904
1442
182
5641
4160
14788
870
3935
1573
9047
3546
1718
11474
19088
19966
12230
19080
10072
7842
22164
3123
10441
18698
5588
20250
12635
13620
20053
9891
19670
21751
6045
4475
17784
1624
17625
8647
21797
4456
12799
9306
20510
19247
10285
13609
15064
16974
7854
13195
16048
3969
8980
4874
21796
11393
20929
1256
14194
9364
1636
11230
4346
6757
6252
12830
14774
18774
15506
6351
19402
582
9222
14087
14140
14978
17660
9813
21560
13778
12582
15092
14425
13672
20312
21090
13421
17034
5081
7317
5270
10664
10414
19441
19076
1654
19484
11236
5378
16081
1568
13714
15128
17314
22214
11442
5628
2896
10286
8883
19659
21243
22338
8912
12383
15345
6234
18546
9379
9001
612
22155
16834
6651
12559
3682
3273
1148
8631
16318
21666
3349
11906
19382
13509
22376
8925
11313
11
18859
18760
1204
11302
1298
13541
15785
10177
10620
10280
8566
14791
10826
14182
8611
20527
10797
16780
2015
4286
19277
4676
15713
13251
18641
7194
18634
6995
18263
9491
16889
13068
21667
9645
3691
6060
7189
11477
22348
7117
21509
2913
5189
21318
18766
7059
16513
2501
19293
17961
14014
13344
18076
10348
10332
9874
8613
3236
11764
19151
7899
12022
15189
8865
3942
13633
18654
4856
5044
9254
17298
11556
2891
9530
1930
13903
12924
1822
13076
12565
3166
12165
2764
16801
9642
20910
16793
11620
18459
9008
11473
10387
19257
18143
16896
21002
14903
12117
21148
8254
16716
10042
242
14857
19269
17513
7962
7343
13121
2206
11911
4144
21127
1344
9660
15681
14879
16698
1062
22039
5870
3727
9390
21660
19480
18565
10287
3459
2198
21404
7474
8272
20652
21698
301
6515
11809
13587
12997
13387
12109
19045
9658
5249
3883
15795
20933
9537
5920
4395
1449
6205
12426
7274
18835
866
21815
1459
5196
19997
21527
10009
17157
21408
15135
8351
6674
12576
8214
13528
3420
8954
17162
10995
13079
10779
7827
17778
14301
2798
11589
14886
2751
11484
18719
7306
14813
12866
9345
3363
13773
19150
5413
19086
21163
19106
21939
11494
11902
1839
20069
2449
16738
18382
14839
12538
4902
13606
20543
3419
6662
2669
12294
604
6074
14510
16015
3212
9618
12937
11650
1011
3185
22036
12846
2481
8670
22308
15111
20760
20027
7284
10216
19836
7588
15259
9598
17899
12921
10811
3216
519
11206
4441
2100
21720
20643
20868
3450
14913
20810
1948
10723
21380
19225
2822
4882
15474
21795
13775
20864
3808
14940
18675
13730
1829
14370
16297
17409
20120
16267
13851
5500
1529
15344
17073
4314
21744
598
12867
10872
8323
20503
12282
6937
397
12337
17927
6444
7377
16886
16033
17650
18820
21296
8574
3645
11966
10083
18808
12754
17012
373
2793
16300
16770
11619
21713
21323
3267
9700
15087
12382
17590
6719
16376
17163
14281
13500
16273
16894
18725
19432
4955
15608
19054
16598
21249
5330
22117
20973
4298
5702
12663
14089
16769
7002
12713
21250
5176
18738
303
7108
8975
4168
22321
10257
4483
12821
4969
21289
16346
12967
716
18696
21268
14411
12994
3777
882
9725
20303
5989
20920
10746
10851
5577
16825
5059
9315
20708
17911
152
20618
13277
18960
2988
21929
9829
8337
14333
5008
18671
7491
21674
7062
9906
16811
6700
8245
10442
19452
2568
21971
750
16116
2976
8059
7332
12449
8483
14410
5237
21544
20514
8331
7032
6648
3931
14036
12003
14279
10693
5603
5813
159
22069
19709
7743
20886
6291
16475
19465
6680
14780
1955
18350
17428
12588
10490
8157
15306
10545
11879
4784
12222
20766
18633
5842
10606
12697
8983
22175
19156
14017
16633
449
1130
13625
2325
15523
2225
4433
9657
19733
2060
17222
8881
20387
7348
15038
3880
12068
17875
1413
4167
19395
7097
13033
5103
12838
746
8471
11727
17374
4300
14006
9666
14875
1574
7906
7266
16808
6668
6187
14413
9120
10089
17682
2296
19753
16758
13950
20463
22428
10188
6174
10363
15976
7851
4284
6630
10373
8993
7374
16354
9584
18805
14843
14935
8497
17507
15065
8777
20693
17270
16474
12181
19921
164
2652
9954
15006
21309
4136
19573
8680
20178
663
13457
5075
9011
13254
5337
20669
11649
20164
6214
17550
17528
4278
16830
20958
1063
4018
14728
5579
14414
20678
21575
12145
3939
5582
9490
1462
13490
13932
1672
3345
20873
3087
5132
16036
4576
18967
6794
15316
16828
20495
14292
13539
11994
16042
7036
9192
4899
2430
13334
16848
5329
15947
5533
12617
14598
7264
9808
11561
6335
13801
5555
14766
12236
14522
21769
7083
21550
5496
18048
20748
13176
9651
3543
2553
20050
1004
11227
9471
9855
12530
15172
6640
2683
5566
9274
16555
17974
11176
9395
20891
9989
11555
5201
19469
782
3653
11696
2934
5985
8113
16540
5175
10494
5626
6385
13009
450
2029
4409
11712
6741
21368
10798
10211
1284
8780
11079
1066
15163
3959
6453
11977
2546
8271
10299
4478
7798
8693
18666
16153
14061
13906
6159
20491
14497
2707
10815
15945
3565
12877
4670
7540
8199
2844
12942
16348
16011
14093
4411
14299
5164
18643
9523
2147
9702
1121
15543
19406
405
1073
12940
8683
16285
11975
20923
12715
18264
8322
10446
16062
18629
6231
1455
21272
9197
22131
10864
13292
13110
16083
5385
19107
7623
4822
1707
16816
18830
9545
1961
22195
21542
6656
8286
9180
5083
17052
1311
9801
5293
11256
20304
9646
5705
9939
708
13536
15820
22090
20635
6609
12901
20571
18855
2977
17698
10688
11014
6352
3869
6266
4572
2190
10489
738
11238
12850
7016
13608
7768
3207
14545
13187
18556
13891
16910
3913
15332
9263
18096
21203
4336
8988