19260
18387
4418
3292
1359
7063
16736
11092
12440
19857
3674
7526
12528
18796
900
4207
18776
21577
18335
20633
21834
4110
8015
20685
6616
15130
9956
20948
17624
12550
20582
7
17322
5441
16144
16903
18407
9122
21620
16862
3157
13921
13944
8469
12673
151
21483
7537
13523
17610
15132
4006
1358
16982
18964
4202
3470
9923
19098
2690
8900
18751
2732
15346
12745
9392
10464
13687
17356
14914
20117
5552
20623
1465
8052
15948
15020
11152
1122
18672
12121
12137
10067
11156
5554
3490
18395
18615
10868
2360
3915
18938
11123
15971
3464
18150
2927
1915
21081
10575
17603
9735
8460
15177
15004
7228
133
1670
3673
16404
7673
14350
16607
16701
2304
13402
19034
10113
616
6415
16650
8243
5764
11141
12297
15699
6750
10639
5993
10988
11787
13062
20100
15804
12253
11658
2113
1469
6292
8984
18873
3105
995
4308
21363
15450
17860
9155
11513
22450
2363
7742
12060
17463
17229
15508
5177
18564
317
4600
18567
4147
12816
9458
1854
9816
8275
1081
2489
15252
22343
9745
9567
5686
13150
16852
15328
10346
11016
17831
19171
19765
21508
17202
10698
2567
10234
19491
8973
10599
2416
3061
15903
4384
15473
829
21313
4703
3732
6841
6371
3043
6147
14034
8368
7778
14456
16439
12927
9273
4002
1000
20115
20280
15008
8664
22422
3916
2997
420
10076
6243
4404
22095
15912
7329
11708
3895
5836
10720
19717
16236
8569
9497
12481
5169
18485
18315
838
4084
7689
7789
19367
6434
15639
22235
168
3953
15437
1628
21032
7964
10439
16482
5400
653
3544
19028
2936
18085
4614
16454
16336
7652
19922
9107
19655
4215
7201
1552
2820
20278
13287
20386
7445
7398
551
19901
3052
20824
741
21051
3085
818
19871
1181
10569
8689
19060
14323
7267
15840
1241
4158
20928
12390
20751
12456
13614
6435
1147
3071
1752
7072
15075
20413
13504
4503
6140
978
16532
13968
14409
17753
9118
1799
12704
5379
10501
7947
6263
14431
9142
2815
4737
20636
19699
22217
958
13789
8536
21471
11332
10805
17492
14892
5729
1807
19543
18704
6369
6008
18628
22433
3818
11402
15838
11279
11864
12233
7927
1863
14626
3227
14101
21438
4945
17534
2048
991
16719
9190
6559
16892
6025
9740
19113
4062
6539
17111
11681
4644
14105
1877
10727
15118
19676
11045
8858
6017
3536
16363
3119
16980
11292
9663
21019
13758
5595
2406
8712
17225
7460
10542
14834
6338
95
2472
16449
6620
20994
1067
5263
17303
17656
11703
19199
484
16045
19002
21385
18331
15855
15902
20043
5636
4751
16690
20003
13588
15204
7585
11671
19510
20499
6768
4370
13145
11518
1299
8122
11679
2404
16327
20598
2314
4414
22108
10412
4557
18702
20489
12861
9073
16953
9581
6336
9617
12618
918
5288
13223
19442
14790
17044
4213
15232
18811
8431
904
6772
8894
3040
17787
3109
7114
2799
21985
11136
17728
6725
16606
1185
21631
3886
18539
6223
5546
4864
12439
19370
12144
12939
2041
6706
10576
5210
1266
21105
2532
8972
15160
5095
5408
226
5592
13774
5939
12519
6100
12604
3989
4678
2119
1094
21954
10398
665
15814
10351
13290
15552
7346
6465
13106
5488
12957
16509
16700
8256
8349
10655
17110
15249
16838
2734
16724
3927
12180
3177
13885
16287
11746
19892
3051
12747
17069
5042
1737
11112
16659
13159
6227
19301
12978
17578
7028
