15231
19325
12288
936
2031
20939
8609
18731
10741
3058
17477
3111
2224
13527
20984
19941
13735
6381
12579
2333
7987
10231
13570
7666
17733
20199
15417
4851
316
19472
1545
8317
14676
12156
18645
14324
4895
11429
10450
5911
8421
15934
11060
664
12520
7511
6845
14620
11606
16749
5753
16244
3239
14891
369
6012
8150
16682
6043
16459
19409
19978
4858
9238
15375
20061
21288
5965
14860
13762
7477
21283
6254
19462
1899
17452
10493
3964
22202
2511
7671
4390
2485
15143
21271
5396
19787
2200
8050
14586
19333
17972
16080
17505
18324
13456
14354
2910
17078
17630
7120
3846
17007
7988
1511
3275
15671
15815
11485
18794
17516
4602
17223
4143
16888
20217
6910
14570
14231
269
21648
9982
9169
5801
5946
12874
12723
3513
6373
3116
6575
19545
7033
249
20377
11481
15229
14714
13517
379
13435
3873
21878
9162
101
6273
2173
22322
12636
5274
7494
18463
2689
8815
21507
3795
456
19763
7645
7676
17276
7770
9
8316
11446
14630
10045
19939
568
12631
8099
14549
1724
16217
6047
12593
13373
18146
12220
9825
20966
1351
9953
9225
14712
3647
12428
19036
6211
4705
18780
13860
11812
10567
9202
18267
137
10433
21502
18480
19908
5848
21650
7810
20048
9878
20004
10349
16200
15496
10962
6089
801
16944
5543
15458
2948
1629
5208
412
3467
10954
3482
22452
843
2928
18213
1761
18027
14556
4337
14638
21756
21233
15718
12048
3007
13833
18623
12122
4775
17018
15461
22181
14609
8820
13553
16971
18922
9547
16930
8246
9532
18578
10259
8562
11521
9959
22096
19995
1010
7643
13118
11784
17
22111
3301
781
7417
16747
225
13543
15192
17942
12827
1558
1089
5222
12073
19957
15442
13050
17349
7485
16592
8010
2715
17045
2627
4196
3857
1093
12277
8914
21192
18895
12126
7407
4543
17289
567
12729
20347
16710
3496
780
1796
4145
2474
16157
18670
15706
1795
14689
333
21760
5225
3126
8259
10405
6143
8058
21886
22392
8049
4924
1593
4728
10699
10897
9898
20696
12234
5531
2222
1263
4513
22042
2890
4982
5138
7536
12252
17172
4119
17671
4267
17325
3656
11700
902
8163
10321
14025
20943
1532
2733
6920
1720
2218
1806
287
1437
7170
5278
11507
2425
17237
18695
14484
10867
915
10614
10368
3241
8630
7138
14817
20220
5987
18741
21552
5544
5031
3368
20534
9899
6416
13777
13367
18618
15747
2443
9762
9337
8938
8802
6564
3762
15062
10619
20595
1845
10004
18932
6460
2122
8733
6125
13843
12168
11287
7498
1150
857
2743
6862
15765
17789
17861
1416
14962
4857
9502
1365
12658
3547
12701
18178
21037
20713
774
9812
2611
17150
21426
22423
14724
10685
5982
9343
10732
1023
12225
6577
19541
15203
17316
10252
4506
5116
194
20340
2944
18368
12334
183
10915
10929
12619
20253
11172
20776
9558
16853
8838
20205
4487
2324
3551
20631
21548
12348
5134
10939
15712
4541
10313
16295
14496
10743
5845
22058
2289
22384
1638
12202
4494
3463
20823
9838
5239
7316
10246
21786
18226
16839
21529
6500
11573
9836
18703
1941
4597
13019
3983
15275
12589
650
15727
7502
12213
3245
11661
10028
20054
4460
18517
22054
21551
11451
20755
15116
21427
17435
21982
10147
11525
2979
8289
17944
19476
3211
20710
10399
1734
17602
6337
9191
2776
9722
19800
18321
15791
6425
6550
16964
2759
20550
10600
19498
18982
5586
10052
12979
12898
14177
6911
19095
19693
17373
2557
13575
8636
22006
21251
18167
8209
518
297
14133
9198
18274
17432
3924
15133
4516
14180
18375
563
22285
17370
7171
4125
20300
20256
4076
10795
18414
1400
15216
22094
10585
14614
714
13362
15009
14325
14309
9196
17734
10152
21745
11515
3008
6486
20378
4034
10236
10046
1921
20057
15998
44
8030
2415
4239
19945
20175
20569
13889
16622
4604
2427
13085
18014
13120
22101
13859
17711
19075
8076
12524
21377
18358
2418