8945
2850
12435
12736
4523
1183
12692
19596
2892
3646
21904
12089
20369
15113
11403
19286
19158
4101
8638
14077
1186
8288
20474
14339
4877
13086
11627
10123
3113
7704
12504
15574
6825
11669
4451
7248
11865
5090
5935
2695
1637
3528
10119
4976
17579
6568
17198
4140
21481
396
12788
16570
14748
18464
1519
9748
17763
12988
18114
19632
8066
3466
10057
8056
20155
4574
12791
12116
22193
12720
15178
2676
11985
17606
10381
19079
6596
6623
97
21456
20082
18323
8381
22151
10380
4761
5122
11153
3512
5988
15273
7414
15974
14466
8755
16002
21036
9020
20703
17072
6011
4690
6461
348
20844
5285
2272
682
21373
7155
16172
7237
18936
414
20803
13386
595
13922
6235
6238
3643
4481
21890
13002
16541
1684
3597
21526
8917
1657
13512
7371
1962
3068
10269
4539
943
10406
5455
17569
3423
17804
12543
12088
17417
10335
12255
7449
7492
8044
20339
14828
8600
14959
1373
19968
13291
18791
19970
1554
4956
14568
8539
15462
15978
13820
1861
1986
22396
16122
11020
3891
16765
502
14321
19779
11149
6318
11820
15959
14921
13180
1009
6963
16205
6242
2159
21746
11634
17365
13888
22245
22040
20142
10196
10374
6548
17005
4717
11341
18652
5908
12495
18504
7103
17097
2536
10037
2596
4179
14234
12159
14275
7617
17762
5600
8439
1797
6484
1249
8430
12170
21847
5331
16409
19466
13987
1889
19831
8522
14147
15571
20876
5527
8053
19805
2541
15662
2255
4234
17114
5692
1609
234
5704
14314
14013
21370
8625
1498
1285
10905
3265
11961
10697
20535
13011
658
3228
469
15007
18325
10155
9500
1405
3107
3138
17460
17634
12669
1698
6588
4338
14173
11684
10577
18127
9029
1141
10457
10372
16924
11600
16798
12954
8315
5283
11471
6582
16912
2098
16588
1216
13561
7244
15385
2500
9250
21437
11653
7156
8395
21135
18509
1485
1703
4698
22028
14285
18891
3271
4658
16211
15150
758
13488
14744
5352
21768
3255
16455
3719
16717
17328
18903
22412
21739
802
6307
3507
16151
16611
22330
20790
103
12912
15705
11517
2801
11050
5490
15893
435
10038
6865
20297
7270
8411
2043
7972
12895
138
8320
14820
12421
21897
14185
15057
10319
10054
19819
10682
6148
19041
9550
15643
21791
20398
20456
4276
13845
15819
12561
18473
18841
8916
4985
697
16446
8119
19044
11290
1422
13573
7586
10452
21261
17191
14278
10753
1917
64
655
8007
4419
12763
18901
20826
10789
7152
4259
12083
7434
8084
15224
12257
10266
18757
19916
1809
14119
1324
1153
15384
5340
7455
2537
11550
21814
881
11816
8051
17113
3134
2512
21824
7642
16251
4870
22407
5257
7627
4712
21974
6137
18440
22091
3257
13521
9240
17620
3360
22222
8879
11286
18
16174
20697
17161
18881
7365
340
11938
14359
10558
7230
15480
8190
11093
3771
10175
3963
19142
6230
16214
2991
7748
1044
16145
3299
9549
1049
17253
10724
618
19147
7210
4016
5473
9308
1117
13004
5072
13810
10653
21990
16351
17798
19124
12037
8994
3672
9137
19160
13661
457
2829
4922
19068
10787
21049
15850
2867
632
5049
17086
17301
8358
4578
9920
18078
15134
732
16382
4547
8478
8453
18583
13093
11905
7900
15168
10841
10752
11033
2520
6357
4248
11249
686
270
20956
19473
166
11344
2065
4269
14256
17523
14240
16712
13653
19751
4394
2275
3525
2558
16358
18763
12638
20222
9810
15921
2788
20462
10583
4617
7584
4351
18056
13338
10761
9487
7104
2237
3142
3307
18825
6558
8678
17345
21635
12539
7233
13853
16447
10345
19254
20504
16616
18332
11114
4830
10404
21273
4131
17148
16790
16688
7901
7700
20494
236
15033
17105
12203
3782
6556
2631
3476
11146
4911
13010
3606
12934
15531
8813
11884
13156
13991
17371
1704
14706
18608
18532
3049
2613
13300
11306
9746
7847
16384
3722
10706
16072
2107
2129
10747
19985
5831
18450
10886
9075
805
11599
22341
19690
5922
20091
14209
6837
12835
12935
14451
14835
9599
3984
17408
20306
4971
11554
7841
6473
7580
12773
21450
12642
18370
15379
14385
19018
5231
12477
3415
14396
10304
6382
15737
9293
10711
8340
9544
15411
16023
12567
18383
10422
12349
6197
7639
15248
18306
11397
6363
4088
11165
3759
10159
21344
13654
17997
9194
972
19959
18943
19387
22207
21183
16740
6997
7220
15343
8038
19553
6962
16339
3743
16206
17675
9972
17653
20735
13077
21299
11664
2104
52
6761
8342
1990
3136
18493
8796
12219
6103
21541
1376
15755
8826
9576
2686
392
20736
11077
5608
13731
8327
8085
13091
21689
19969
2578
1492
4323
2638
2454
1834
11488
11510
10831
2158
4754
20125
21936
3449
21286
7765
12574
8781
17470
21735
11568
22309
11026
1989
10640
17876
17375
13542
21369
5757
18792
7610
9556
20963
411
18149
9868
10296
684
21608
6965
18044
9649
20937
7328
12307
16014
9518
18555
15615
3201
21934
22189
5677
13497
9359
4812
776
21678
14690
6806
10680
12436
5437
20251
19940
16955
4601
11113
4426
145
824
12583
16551
3680
4957
2832
6022
22009
12078
20153
4659
18653
20519
5666
16755
11241
7386
15400
21154
21006
5627
15743
6091
12606
6377
192
17395
7829
11676
18538
8281
20604
6749
20879
17419
1349
12973
401
470
10710
7589
4068
7783
20344
21712
20486
13088
17235
18833
2421
12856
14971
7985
7563
11786
21184
17941
9703
2574
3037
8192
18797
17496
247
9028
18030
2709
408
9341
19824
19640
16329
15842
1652
635
3710
9999
1421
6510
10462
17336
12685
16526
4382
18183
18885
5359
15349
9529
7081
10856
6732
8446
7935
14288
979
2954
8961
13467
14944
12133
17474
21686
12624
2142
2479
9498