10835
3793
4032
5774
7190
10809
6734
17455
19279
3828
15693
9265
18272
11735
14898
10646
13232
5910
2790
10466
5585
1195
3280
6490
3234
22417
14404
3855
21619
19672
14066
11972
4161
6814
2127
8684
2565
18535
9000
16016
7389
1077
5351
13472
5480
6502
19362
12817
9512
6262
3608
21440
12094
18764
9062
21996
3383
952
237
9226
7876
8724
14345
2028
248
5243
7395
9747
9183
3854
12270
20759
1569
11160
7578
9305
17668
14040
14704
21672
1080
570
17479
6359
19592
11128
11973
18329
6057
5420
13751
2687
499
19263
286
8013
11204
22241
6477
1212
21202
16664
17651
8208
5360
983
8884
7356
4163
634
13042
15420
13529
4797
3369
17031
2658
4258
19292
4038
971
21142
5759
18661
13215
13580
3272
9438
12793
16676
12468
3468
12394
11826
10230
21933
12112
9370
6527
16836
8645
7288
5314
7626
10008
9346
6389
8127
6206
3936
6239
19900
11748
1664
5311
1972
20839
1542
5599
10510
19888
16208
17978
15040
13424
22071
12683
14555
15353
15630
19792
12451
4709
5717
5040
3568
22317
3335
20655
12767
9135
1701
11350
3570
14752
6319
3582
5447
9661
5738
21590
15424
17515
15336
21569
21469
3017
6513
6278
4765
19026
22465
5700
13326
522
14819
4466
19848
3101
8525
8445
5990
17802
20319
2838
15924
13710
3202
5799
21030
7291
16872
18782
4053
17986
7198
670
3339
7207
12814
22302
12480
783
1304
19608
19739
9796
13675
12992
18561
3556
12237
11374
19576
21152
15829
8410
13560
6945
3483
1898
20074
11838
20143
7975
18639
4950
3044
21540
19770
8189
5583
1381
10523
17680
11214
5881
6094
6981
3824
18720
15729
17693
14259
1862
21235
16648
18600
6491
10199
5669
3053
8728
3424
18612
4137
8267
12429
9342
17187
16920
11194
3960
2366
21352
13126
10994
8791
18984
11833
21916
17721
14640
9602
3435
13785
20254
21867
14211
18170
3665
14483
8282
20851
15244
11944
8516
6975
2052
11909
20674
14657
4449
7349
12564
11167
20644
20515
6787
14773
5012
1566
21665
5386
11749
4080
17281
14990
7866
1090
6898
12406
16531
1420
16416
14260
603
2045
15125
12149
221
16057
19021
7052
22242
20986
12665
21463
8521
3172
20677
13281
1523
8372
3447
17694
1591
8593
16277
19631
15631
18024
6991
3617
10538
3171
351
12972
20914
15633
16261
10278
3552
8262
18877
19494
7462
167
15013
15652
4135
20375
8005
254
10916
10284
13613
4039
14804
9462
14200
8385
21010
17969
20252
21396
3675
11493
12250
7938
22300
12918
16728
8576
5167
1738
10007
6721
9050
5995
1267
19353
14071
448
16478
9200
13332
16489
7745
10550
556
10265
11827
313
1676
7625
14197
3594
19089
6256
395
5248
5442
4499
13100
18737
8494
5151
6666
13586
4687
2396
7034
5648
15378
14269
208
2543
583
21308
3807
13761
14222
3132
9695
16977
19115
17655
6790
1428
12812
12974
7891
11965
14782
7102
10396
554
22232
15951
8432
10272
8498
7043
1033
13699
165
21587
19525
16891
228
21147
13611
22468
14207
3030
2285
7025
17796
15975
18739
8537
19230
8491
10670
1012
8220
3550
16545
4484
20484
907
7130
19222
15798
21169
12096
14086
4771
8544
18822
21193
21407
11243
15784
4192
18336
5494
20243
10395
16566
7431
9483
17378
5121
9301
905
8523
2368
13198
18138
2656
20778
13602
17649
15578
20318
16435
3110
14169
19731
9129
1728
14166
1180
2261
2049
548
3897
12795
3698
9053
20819
18562
20988
18520
1326
16529
2317
16006
6204
4241
7752
12246
11691
11673
11276
3144
15848
9692
18270
21752
4423
11705
20012
1419
17413
16933
1929
8834
7109
13959
3956
9270
4997
13831
4799
9879
10890
15806
16508
11199
6127
21452
7122
20167
11875
21180
17346
283
5120
19745
7793
8194
11882
5780
7750
11419
12205
3914
6030
10519
11326
3005
4445
6158
21311
6470
4908
7185
18659
14085
12592
3076
4716
561
1133
10559
10658
6309
5587
21965
14941
17036
6083
3421
21651
18028
12653
3153
5450
20277
16108
11437
1983
13414
3687
21011
8726
14251
8105
3213
8764
6853
20174
20714
4544
1540
12319
18351
22448
7751
8876
1287
11364
2174
9181
5833
13894
10586
14007
2973
16
14079
9185
5009
11702
11435
10341
6791
20553
13412
8009
17288
418
3492
15926
18579
12460
71
22305
9383
19754
14645
10275
2099
15914
20067
11315
13252
10816
11743
5898
11598
21048
1384
16772
577
1885
5046
10813
12357
8427
20041
20477
7532
18599
9415
7675
4845
9768
14641
4637
4894
8928
18319
5477
10030
2080
12966
4734
11122
21096
17424
7307
15628
5927
20129
22149
5233
19974
15910
18059
7869
7038
18935
11475
3757
5051
13992
13466
7480
16170
703
11640
5739
20173
1450
11043
21984
17030
153
20016
6250
17290
22429
482
18778
8040
13119
9097
1330
14937
11248
20944
9124
12303
1745
7567
14980
16873
17871
5125
8870
1490
19686
1390
11677
3340
17781
2382
19764
14039
13647
3348
13657
7354
20874
12707
15754
15661
18954
6507
15534
3531
6730
5815
13125
22231
1710
1065
10595
17037
4037
2804
1874
6619
6669
15623
17125
2940
4801
12316
3391
16660
19383
8456
2171
10999
10010
7304
21599
5226
12204
5264
136
8132
21930
17128
2091
21215
20660
467
15368
16734
261
20625
1535
17932
12507
15266
11797
2046
20858
3336
18518