14296
19886
20328
5659
20899
19304
12364
20218
11124
19299
9625
19923
16587
20523
10029
16764
18326
21146
19413
14070
10061
3384
13957
10149
12490
22290
11739
7071
21553
17939
6264
21498
17551
17773
7260
2040
17269
2138
11927
17883
17885
6454
17170
17641
10430
3981
384
22362
14253
13439
14363
8352
15526
546
7603
4582
4904
18354
17718
17520
6020
10840
22246
7268
11586
4106
2540
20
7735
19411
19232
16071
5135
17392
11200
21241
9752
1
3922
10392
15447
6216
21881
19116
13297
19438
19976
14452
15401
3338
12261
1174
2223
19311
14445
18783
20018
14588
21736
5645
15676
966
5687
7766
2274
3796
4227
174
7074
14201
12958
18815
7926
19454
21339
8582
7607
12079
12925
18013
6618
6804
12369
16487
7759
606
12706
14266
11868
8356
17529
22458
5539
10262
15433
10574
20976
4764
16906
5070
1825
8389
11297
16919
18945
19664
18799
21596
18040
9067
2245
14272
8899
3478
19854
14786
13698
5178
21079
16594
21134
10483
8905
3372
10997
4273
18488
6793
14304
18506
11615
525
15822
4700
21979
2782
5547
19517
747
6617
2349
17112
15937
12347
11303
2957
17132
4665
16677
19081
14824
10108
11465
16265
15834
5262
8441
3193
13438
19205
6440
22397
15011
10987
11822
22104
13788
9837
19727
22092
19129
12711
22375
9852
1736
16044
207
9815
441
8258
20537
1361
1082
10135
21923
15017
2486
15227
5055
3706
5258
16775
4228
1775
20323
19303
8437
1940
17588
16562
282
1244
21840
11088
6909
3521
6530
1092
20961
13158
17537
1008
18620
262
11449
16067
15866
22430
11495
1842
12061
14388
6864
21885
8147
4883
16407
5633
8485
17142
14242
14587
18243
13165
4559
20294
22097
13518
2538
18650
8326
4725
12843
7720
4198
14012
21034
15209
6599
1229
14373
21210
15960
18265
9429
4189
18457
12779
8722
3929
21126
6131
13732
6457
20099
4155
8793
18942
15691
15590
3669
14708
19996
18748
5768
19392
5675
20691
3410
12984
2943
20370
6692
5485
13531
10041
2318
18716
5530
6800
7913
3382
12466
2484
3589
13688
9475
21754
13403
15439
13927
10350
11252
17358
12612
16198
11380
9114
6554
19651
8851
4912
5272
19925
12256
22277
9371
10775
13702
12031
10952
15081
10924
2582
20572
14789
8359
17960
5322
3603
17347
7522
13214
16539
6643
12388
7668
8477
12681
7687
19565
5492
21031
7594
16641
12902
19755
2874
8124
6955
13850
16442
22460
871
21848
18519
5127
12610
19931
4936
16460
1319
17783
2906
16231
17601
14500
18279
18505
12666
20762
16453
11539
21835
5723
8481
13470
12247
11819
7515
5855
6758
4297
17518
1553
14803
16771
21539
20990
12043
5402
14383
4932
19326
19530
17074
7262
15362
12193
14469
19567
4108
399
12537
14792
11887
20918
4867
13803
17423
20798
15476
1851
18219
19757
11499
13569
21675
4229
8455
17865
12893
1398
9268
13828
12765
8601
19179
10016
1424
11742
21423
18307
13941
22102
4230
8661
19832
19955
14129
6260
16803
18160
5458
19803
3358
14686
18746
19652
18590
572
3780
13494
12432
15026
12657
19069
14227
10921
17845
4635
21020
2066
4542
3402
11235
3561
20292
8940
18227
2262
1286
8985
14219
14943
1157
17340
13980
11697
17987
16179
2524
10573
9784
22134
4839
5071
10020
15482
17857
3254
12590
21914
22357
15499
16075
14091
11987
15700
19474
16814
10561
12419
19297
21856
9789
20570
188
6405
13147
8535
18026
9470
4587
6953
10074
21513
20046
7740
14796
5564
3955
4372
18729
9449
12313
4803
18523
13681
388
16741
15751
16226
20996
22438
20121
18259
825
9568
16833
8767
14715
15278
13664
12291
4107
15730
20594
15587
6752
13551
10425
4270
20653
19869
9786
3537
6437
22209
31
17254
4800
12731
14154
16819
11745
2644
7334
5355
5150
1530
18203
19864
11663
10979
20101
6481
12717
12013
10419
19031
17886
6429
9104
19249
17790
17024
19650
19689
15605
13563
4181
21702
7601
6111
10243
16051
14521
11062
18444
19394
15653
18596
4533
19667
4221
18890
15769
21044
726
11618
4778
8719
5230
19852
6642
17993
580
15025
11193
5417
14487
3308
14099
8400
6110
5899
18454
4686
11935
15659
16794
6000
8283
21012
4464
9743
20086
15562
14443
20507
22119
10948
3210
8367
5878
10777
22116
1104
12853
4415
14506
11328
193
12603
21305
760
6082
15044
1777
1773
6190
16669
5183
2955
16584
8123
11890
2115
21687
19215
10780
2376
22355
10740
16926
273
11754
18552
3259
4397
7224
7055
11343
21087
8187
21190
2355
1722
20765
2096
21646
10017
7771
20380
19164
19316
22386
5823
22373
10668
3591
16809
18278
17331
20617
18062
14936
19397
10975
16408
2506
7739
13482
12789
180
19732
13041
4209
13250
21722
13122
13219
18465
7339
3909
3837
2760
13249
18862
1653
21779
170
7131
3025
14351
9623
15416
3822
19306
12453
4033
6344
1878
7706
19771
10098
587
16667
7023
6846
2589
21143
17210
12241
12981
11798
17195
8612
4866
6870
19256
12774
8348
3919
6998
13186
12614
12341
6861
6293
325
3337
2180
21805
11008
468
2692
8794
10065
16497
12359
16225
18328
22114
11976
6798
128
11482
1928
815
8219
22112
21294
529
8866
17311
32
21879
391
6565
14863
15070
5930
4521
13668
20404
15665
14806
17228
13582
1559
10750
17087
9561
6161
5005
16847
2307
9803
12146
12493
2951
16377
20921
9281
15810
11509
16450
11192
17464
7794