11651
12615
4921
2935
5858
4989
10302
8156
9964
18996
11452
11497
19237
3327
2614
1470
16461
2310
18295
61
13513
910
3135
15071
17437
21301
17355
19408
3334
2346
14850
2069
19680
17549
3160
11544
7717
21902
13028
3693
11912
10946
15522
20816
13377
10237
4364
19747
11545
15597
14866
13090
2904
77
12684
21043
20355
11689
6906
6331
14848
5511
4020
21252
18007
7337
17280
11942
16942
16183
21564
2250
4823
19278
6423
6701
12399
11075
13339
3405
2321
8748
14928
21680
20747
18700
5414
11369
19121
18616
22046
10032
6468
17155
21798
15704
4898
6386
14844
12280
12050
2572
15980
1418
21755
2030
5173
7812
10968
20628
4389
17324
16691
14094
1308
21170
5632
18910
3154
18349
19373
6186
21085
5325
17822
1725
3970
9628
241
12084
2345
11719
9889
17333
768
14603
20871
10733
15321
12557
4855
13832
7231
22439
20533
8287
5470
1611
19835
2963
6867
16948
12760
5509
14464
21307
14685
18531
14192
8819
4548
20683
3583
14932
18434
12541
19153
1149
21765
10228
14535
1687
18646
503
16585
19633
7788
14160
11319
16751
20587
736
5981
6181
3218
1821
501
18074
5817
9776
14073
21561
7919
8808
15413
3191
13697
6885
8043
14018
2848
2783
1780
22146
21636
10200
4880
21418
17533
2244
21661
8869
12594
8800
14986
10923
2778
13759
5630
18863
6345
7139
14112
6754
163
19450
19114
17847
10957
4887
2128
1453
20301
22293
14032
11626
22162
5461
17717
9897
3885
14855
5634
13136
14417
7239
16124
17892
6526
10247
12075
14541
6924
1975
7385
8743
11645
7949
15456
14805
862
2966
11450
18896
6856
11337
19056
18803
20075
3889
9362
13793
15124
9636
8681
10162
20317
2584
2000
14356
17133
13205
8045
16308
18749
4066
2164
4281
9285
7605
20726
3918
19758
16120
8295
7723
2024
6294
9951
10628
6474
21873
20385
1242
12106
7053
8196
1835
576
12891
11324
3006
20184
17722
17817
11933
2590
2770
18286
6324
4718
16298
13196
2491
8474
11470
4242
14115
14282
19280
12906
11155
113
13601
9555
659
18110
10642
40
11737
16567
19590
16829
11329
2774
9941
16291
13983
7670
5136
4962
10644
10122
5557
17940
18870
10142
21065
20817
21500
9499
6224
20799
11003
9778
19725
8386
20453
5350
5165
277
14044
20399
7599
20565
13522
1546
3145
7513
10892
8131
11738
2803
20657
10696
6431
16259
15255
12476
3825
6093
13047
14191
244
17236
21880
4379
6355
21285
9997
15
21236
12584
5153
13792
13309
13049
19166
10465
6418
12777
17200
22248
14108
3178
4598
13135
7283
15436
8935
20449
16047
18280
16286
10942
16609
13794
7310
6851
698
18662
713
19893
4944
12770
14134
9384
12396
7837
3124
5698
12224
14954
14371
8291
15544
984
6013
8510
7677
22088
7259
1221
20131
3375
5205
9880
11239
3661
21627
5725
18991
3003
3283
20511
14111
8077
17043
17705
6786
5589
9010
22016
19163
22259
10478
14593
691
22260
12536
7860
5580
14750
15260
1167
17923
13160
19508
10453
17813
6889
19236
19481
15656
19647
22269
10509
11538
19455
4057
19203
8685
16904
21488
17095
13813
20681
1765
6838
16289
4586
18486
18839
6544
20845
6015
16981
4884
1138
16704
22301
20592
19568
8585
3353
11883
10828
1006
16631
19580
12212
2219
13275
16154
17772
2301
17984
18591
10339
15339
20401
14671
3815
6289
16685
4122
13181
3444
10118
18208
10496
11542
4489
8018
8345
6348
21503
11500
3506
9123
16007
21041
20308
5691
17879
18728
3264
11632
2023
19772
14352
18889
1846
14295
9018
9578
8034
13581
13873
11630
20524
82
6240
17257
16619
10782
17035
10117
19713
5709
11453
6827
6543
13243
8179
17353
5133
19760
12995
8218
4833
17626
1978
3035
16362
19924
16957
15558
4344
20423
19125
4180
20555
13354
2657
16564
5382
8810
4172
9881
7660
19696
19846
13805
15027
20806
6301
21422
15432
19426
4731
10210
7710
11323
16908
6251
20282
6462
5471
20023
13597
12527
9387
8081
2124
19973
10502
8861
3009
827
2737
14968
9575
16161
17126
13311
12318
20957
19342
12012
1415
18847
967
15371
21292
14591
19043
3102
792
1137
5607
1345
12286
12072
1201
2847
9291
13441
20151
21832
21580
937
15477
2673
5094
12049
2682
3562
844
9771
14810
16352
5736
16181
20846
7631
7861
2526
17592
22220
9877
13063
11218
15175
1946
1096
16091
1726
21528
18900
331
10267
4083
11885
18638
18399
21374
1641
15399
21220
4255
15788
2915
16237
21693
8589
1690
19883
3774
5854
19845
5027
11283
17115
4024
16574
13216
18401
13225
2591
324
15066
19795
21986
16697
7572
19778
7179
998
3980
437
3569
19858
9177
19154
3395
2308
19821
6208
12111
18069
239
9012
15669
3977
12080
5810
21419
637
22026
9479
8652
312
17989
13506
17710
2208
1575
20632
12264
8891
98
10526
18905
20329
15099
10515
14975
3865
21145
1208
11375
21468
15367
7214
8503
8732
209
2807
12911
9009
14771
14458
19867
6696
11954
14651
4171
12552
2641
701
14695
12616
8089
7396