11039
14745
4809
17218
13461
8223
15422
17834
12794
19551
20648
13
8740
20273
5742
17149
6305
6753
6333
3791
15047
16465
3281
14127
18526
4865
11834
3576
17313
1730
12659
403
5223
2787
15463
11803
3958
14642
454
12759
16720
15827
12355
6379
13163
15860
20418
14244
4282
11222
12996
12882
7529
13798
20649
16028
10985
11659
1001
15491
20808
21359
7602
9819
8573
1106
9485
9052
1013
6949
15282
13826
12694
8586
10437
16010
5520
14193
3225
12836
3901
6961
12810
10850
4149
11370
9121
6367
646
18758
22158
10532
2616
9759
11273
6085
10716
6769
11729
11682
832
13258
13677
19759
9416
8252
1767
13807
22055
16958
14998
2522
367
9541
14544
19132
13738
20171
2796
842
20028
12945
11288
21742
6419
12950
15885
7064
6007
9382
7908
15634
10591
22324
19376
17835
8768
14667
18545
4925
2176
1543
21995
17181
19942
667
15891
3318
10932
9404
1300
10974
21683
12554
15164
10242
16959
19059
425
14858
14138
11059
21052
17209
2962
2515
10163
11654
16730
13481
21622
21232
6180
11564
17677
16380
5497
4526
13310
21932
21525
16694
12581
18036
21478
2374
5670
16399
18113
11188
21991
7802
8309
4260
20109
10469
11638
1621
9756
10263
20680
12499
12244
11856
789
14923
15155
12566
10063
4265
5846
7173
16125
17357
2161
334
5565
19341
11563
8414
21433
6951
11724
1394
13044
14679
21492
13736
15943
17922
5287
6126
12148
17083
8334
21574
11130
16462
5800
14902
8249
2090
11955
19636
3717
2013
11421
1127
15573
13375
14123
20542
9938
13437
12855
20975
21494
3400
10870
3473
19405
6489
15724
17981
22336
7057
4225
10748
13038
3618
7566
20704
19585
13583
20421
3838
6236
16066
12470
5604
8690
8845
17785
1265
16419
8314
1868
4412
1823
4150
21750
7082
22205
15003
218
8650
17614
7379
8375
5266
5797
93
7681
19057
7319
1820
3863
3373
3976
15201
513
21228
9036
2214
1164
9580
2290
5295
5966
19446
1717
10683
20442
7123
14584
5726
18510
5880
6191
2059
18054
7561
1091
6601
4510
21573
18292
15603
6580
4360
7039
6487
18453
146
7135
21162
9507
18360
2056
3856
4816
17186
4664
5972
8420
12757
2661
12509
13161
19042
8695
15165
5251
21290
12627
3767
22139
22107
21749
19876
14056
761
9320
9730
6935
8388
15622
14808
4558
3625
18747
12923
17824
6939
212
8212
3814
17723
18683
1198
694
11461
6922
17780
12077
8061
10717
7963
1512
8783
240
4693
9164
8387
15972
931
20186
11068
3055
10322
6108
12227
8873
2025
19738
9245
17605
643
18121
12849
11224
16201
9076
1887
1145
17415
3524
14042
21871
20785
22011
21830
4401
19582
4365
6517
8027
17964
11637
5037
20203
12110
106
6908
5317
21691
19355
3115
13245
14884
19767
20176
10086
11983
5924
7818
6119
5468
15781
18392
3346
1232
9869
19103
8139
4657
9698
12703
16203
8404
2840
6332
10492
4814
181
12221
9513
22333
10245
5526
10455
8480
15307
3080
4079
19520
2264
1262
16499
15556
11151
4888
14122
11440
1943
660
12092
17468
13360
19366
16837
1283
5561
8986
1675
10529
7471
11458
8823
532
17829
4886
20742
6048
3408
19642
21707
11268
13659
5581
22008
10672
20325
11873
9175
3024
2539
14576
5087
4244
9266
8097
203
17839
3451
22282
19364
3238
20020
18691
18779
21612
19737
14102
7150
4626
2021
10617
8278
5174
10654
15524
6084
19336
19834
3041
709
13692
13442
13382
14764
1837
17678
1022
17251
11486
3325
11339
9569
4691
15663
9412
9960
3192
17188
3237
5456
5605
1508
8137
8953
19120
2492
6986
4756
7519
3789
314
916
12139
8818
4753
5970
19825
2336
1026
17597
19661
14030
8542
10940
211
1483
19134
2242
19037
15636
434
16486
4522
15196
4624
13078
18365
18664
15234
20938
19870
11314
13087
5827
8145
10869
22160
19072
15758
10609
3677
20602
13366
560
963
12532
15549
2739
7638
14276
4420
7948
9662
15852
9705
959
7824
19885
10292
20962
12531
5445
15716
3713
20246
13378
15954
21397
14694
2279
3683
18051
2633
21077
3908
19572
3073
2135
17643
17219
10342
19178
14060
16131
17443
14725
10298
2209
21571
13999
2626
15964
19062
14660
895
748
19488
16089
18232
377
15154
11011
5296
4463
3934
4474
21943
3721
10206
13978
6591
12968
22431
6061
22056
20150
22463
