1499
12158
16085
14186
3511
17388
14024
11611
105
16505
15052
21381
13952
13221
20898
21083
18084
22366
14779
22365
17028
21588
8482
11811
13942
13408
285
1160
21512
875
21122
2196
18103
16105
11489
4710
6808
21740
21470
18477
13298
5383
6736
18008
14946
1650
1371
9203
1087
8843
11528
11498
12087
4003
2969
15000
12629
1514
5937
12009
8723
12632
2984
11275
6325
19251
8749
2763
2281
5963
12424
8492
14896
5752
464
14877
3731
10556
19518
9082
8667
14573
21278
14599
5711
22153
16342
5449
15090
5722
7555
19267
5141
2939
2192
18229
3790
6940
15744
10018
7320
19428
5787
4783
13493
4869
14827
13224
20072
5950
10518
11951
4021
6985
3096
874
1246
9070
13818
12578
12284
3684
5807
21532
12486
6699
16782
6686
9064
4795
11308
15949
11962
22337
21901
9925
3657
8310
21565
19145
6212
21609
1691
17996
5811
1560
917
6536
15596
6902
13316
1005
22110
17652
20403
22180
594
5974
2982
22223
20405
7797
15078
11467
5617
22389
13809
9451
4720
2713
12585
12473
3986
210
7094
21728
1134
15846
18529
14579
17779
21843
10385
15486
22156
1963
9738
2339
9696
17567
15536
6649
527
769
7699
16929
6519
10073
19418
11213
20673
20064
19788
15218
608
3315
21046
10223
11899
4271
20119
17946
9896
17530
3023
20593
7543
7507
15383
1107
852
455
2177
6569
15230
9961
19456
8434
1912
6136
4642
2267
940
21543
797
22050
21022
4941
1054
18934
22038
6354
1003
10549
13545
13410
14428
15211
16112
6378
19061
10900
17297
837
2456
5436
2073
16494
3961
15886
17700
12885
5404
10551
11621
4429
13715
3390
7864
12039
4580
1516
2297
9171
18011
18022
3632
17230
13046
1002
21520
15539
22072
22303
3270
9688
20452
1951
3697
822
4115
7489
15186
14257
4482
7393
18010
5439
5215
7628
5161
11772
12032
16973
851
2780
7646
178
11766
20965
9940
8418
17075
7516
14235
3773
12839
17245
2313
4128
7287
10659
10663
5611
18499
1320
4755
16258
5572
1673
15614
15797
3294
16867
260
15604
15334
1613
1452
3607
11543
15455
11560
9792
22105
13683
20471
15672
585
10334
8041
18742
7547
1250
1595
7222
10438
11281
5789
19538
10694
5422
5754
18322
8906
15598
4741
5088
12389
13919
11434
20326
12831
7597
3150
8353
15583
13673
10025
15692
6890
14768
19040
9621
1140
11353
14250
11049
16901
231
19842
12127
6879
14816
21545
5631
3859
14430
12857
17433
809
3944
1473
10679
19470
9509
18385
12275
235
13193
11540
19268
1123
11821
15117
5191
21792
20179
1021
1894
15732
10369
5391
6603
7721
3253
2581
2755
17215
4707
4998
14462
4077
4615
8890
5647
10391
1478
5948
2327
7828
7672
20128
1594
8361
4669
361
4747
712
18632
4387
1753
18665
2295
1818
9888
12755
8658
14536
6044
4488
12990
8770
7297
12358
13680
5019
1154
7020
1109
17894
8201
592
12351
20700
7894
5746
13404
19814
22218
15979
2859
18534
14277
504
11472
4183
17279
18817
20415
2288
15629
14623
1046
18842
19008
4550
13064
3187
15167
15586
7500
6511
5664
8333
2422
16335
21234
18145
13670
15415
22461
7105
1048
19190
14118
3836
17539
720
17088
8332
19172
4173
9772
17372
5284
22020
4347
4829
13188
14274
3902
8926
22226
14969
3805
15355
5033
15811
21822
11616
370
6439
4666
21583
13776
12903
7888
2654
6979
5671
7184
10571
3688
8831
1897
858
4913
13897
21310
13319
12004
422
8595
8501
19621
8360
13637