16544
5834
6665
4623
20813
8989
8167
14307
14841
18826
8705
15625
16353
639
14665
15612
206
8564
4748
5969
227
9861
16368
4029
15837
4496
2573
2076
19673
19548
9340
12517
1251
7636
8125
366
16411
6246
14252
7490
16869
14547
256
3385
12458
9046
12207
21098
12006
3296
12883
14263
13318
18461
5435
12427
4049
17160
9774
1407
17792
9679
10964
4400
8148
12500
20662
14735
11878
7855
11843
255
21919
1079
16038
9294
3659
15920
18920
7281
18580
10824
3991
14613
4995
5829
20664
19766
11359
9907
20008
12864
20835
5195
10624
17737
18880
7418
9256
12983
15618
22219
19540
5345
2980
5653
21337
11468
3485
15376
8736
5714
6602
7226
3342
13568
807
14062
1939
13552
21997
17305
20690
20454
7164
4199
15845
19928
11216
8619
3892
21510
7232
14472
2727
11335
22230
9201
2794
15875
14029
11725
1604
19443
4455
19866
21445
9793
18487
12734
5909
18540
17108
10652
7830
17061
9936
4217
14634
16994
17486
20029
11986
10388
2705
16418
1425
21981
11433
14476
2188
15299
12626
20978
15745
5091
2172
8454
6244
1391
1488
19557
3704
20159
4611
15221
12746
15284
11971
20390
4138
9165
14020
3479
17548
16670
19881
8567
15601
13204
19653
22273
16458
21371
13349
17806
8792
21395
22126
20320
2008
15265
11445
13346
19972
7678
9063
14097
15199
11880
12362
8226
21894
15780
4608
329
8149
22065
16615
14659
20969
5235
5376
4937
6167
10547
9267
12350
16552
1973
13907
1866
13451
20147
18976
12248
8530
18191
3079
20892
19291
6594
20890
13621
13841
1380
8100
19630
11503
2765
7058
20727
3045
10077
11010
2093
15535
9866
6809
12239
2320
21944
6579
17341
9862
3560
14395
5017
17832
5718
9591
1205
21777
1922
18378
18035
13099
11516
22013
4605
7215
506
5098
18892
16987
19039
836
4381
17633
19863
13400
20336
16263
18557
22025
8675
14199
20162
4126
7545
20784
5332
9125
3749
1819
9911
20836
9610
6812
9514
11174
21156
12335
15097
6072
9719
743
12166
20439
7791
13838
11969
15905
135
13331
693
10980
21906
4170
7634
4923
19570
19354
8617
19157
7707
19424
4334
3631
7177
21962
342
3612
771
22258
7443
10390
1563
1125
8472
15085
11382
20781
7853
21700
15847
15326
3786
21827
7999
1224
117
11919
17815
9112
19131
14617
13525
10224
10836
18949
610
19894
9873
14318
1527
18491
3668
11081
22140
16194
2819
9847
9425
17070
14336
16272
17194
21918
2622
2193
9585
12931
15849
15018
15468
11831
11765