20506
16786
19523
11928
9150
2817
19604
16163
15983
16129
415
11566
15325
10221
3018
7399
3994
16714
16549
18119
17679
679
15546
21546
976
19495
10552
9851
16989
6053
1700
22059
189
9707
18648
14420
5433
4824
5602
15392
22278
2445
16046
8224
7836
13025
5157
14825
17557
12411
22345
11778
21312
5523
16191
3860
8832
16671
9361
13455
13484
668
11751
16385
13555
7767
11409
20859
3978
19314
10326
11420
1500
8363
12101
17327
2655
15872
19461
16307
11058
16235
1813
22385
8489
7960
9973
10874
6652
13745
16118
10875
5316
12056
94
6992
17843
20528
4706
4672
22325
6493
1956
9644
11108
73
672
17000
12599
12150
13782
2326
3376
17064
5453
3350
6409
5695
5197
16216
3613
3354
17646
13733
21319
16328
2276
4490
1721
7779
21803
1784
7937
6410
18685
20926
7065
19784
1179
10476
11454
15318
11007
22350
7017
14716
1039
12443
15594
15331
5217
10860
10100
1976
8383
4730
1770
21279
2419
15682
15868
5356
11321
20712
10833
18514
14189
13465
16470
17140
16034
21951
7882
17252
5769
2624
10070
922
433
16733
19439
18290
2294
11981
820
18394
16936
7013
8229
7003
9017
16860
11262
21653
21226
10026
14268
13157
10955
16722
3596
13589
3581
16503
21415
9149
11197
8171
8461
6836
5478
7172
2861
10043
7967
3903
14308
9671
785
13646
21521
8184
17621
4609
7140
25
12586
1792
19024
20070
13239
2549
17744
21978
12860
5658
10306
5105
3975
9220
12472
18472
10823
16661
6972
10914
7394
14769
13948
15756
10675
1239
8060
18060
10508
14148
12718
6149
3168
13057
8325
4827
16331
9152
20833
5646
4940
651
18542
8039
4328
10227
11131
10825
2149
7641
16360
4256
19537
5884
21082
5339
13495
20001
15019
19313
11839
14228
16624
7121
20083
18476
11348
13369
19762
16533
4639
17442
9081
7982
18655
7241
19850
12113
2302
11168
11771
14043
11605
3559
19468
9427
5724
4773
20033
17239
14110
12512
18466
7630
3046
1223
1352
9588
17023
9659
12815
17754
6316
8979
1454
2958
12018
16321
18750
7368
16655
1644
2451
16522
17982
8616
21705
11099
13418
14448
7649
1931
19082
13259
13032
15649
18484
18798
925
6506
2078
14917
5393
12678
11072
22211
3957
9179
22240
11808
19744
8443
10318
2836
20546
1387
2510
22148
20829
20093
14594
125
4589
1906
12881
20267
12455
10877
20366
14528
16696
8812
10907
5160
12870
18413
9742
8730
7456
8663
12091
11956
13486
14501
20725
9117
9496
2570
4939
17531
191
9614
14619
7754
17881
17004
11046
19478
2118
18909
17207
14249
18357
10129
20496
3495
6033
20889
18423
472
12691
13380
14368
20935
4987
15966
19593
17203
1645
19952
13260
18713
11548
6222
17506
20088
15739
9072
614
11683
20433
5933
711
16168
22045
3204
17896
9307
10893
973
21434
9619
9538
38
18624
2182
1347
7470
10181
11794
13900
16356
13743
8135
16525
12081
22053
17887
10317
6441
4852
13696
11672
16155
6707
7795
11040
304
1502
3195
7803
5955
16932
18908
13939
9031
14188
10255
3481
20327
8828
17173
2868
19718
9090
10418
21406
2108
7538
18687
1357
2646
6139
18939
17522
16556
17274
22351
11105
8033
15341
1518
21172
14009
14517
18836
22238
15310
8578
2340
20141
1592
13846
15801
15888
12135
387
4562
8518
12000
6739
14539
6166
7203
11186
14578
9235
20783
17716
7404
5421
19856
731
2523
162
15864
15051
13483
12130
6117
22188
20272
7954
18927
13679
19287
6882
6157
5650
11721
6639
20149
17933
20163
2305
21465
4632
20440
14157
15059
21095
11767
12534
21053
1463
20393
2337
1995
12785
10648
8350
5156
5466
21862
3231
17836
8185
14511
4232
15063
13411
16387
11074
2440
14003
7694
3881
10172
1243
19654
6994
21476
20822
7520
3792
9277
7436
233
21522
6076
22077
4134
17120
15592
15285
7422