18090
21080
6561
14973
5048
17450
14514
13913
1436
10862
16856
15901
9857
14120
3761
9632
279
11413
15803
12045
18073
18933
5998
13426
22310
3686
19697
2044
22125
2125
11263
18129
9365
17818
15446
1097
11522
5342
7098
831
17760
15276
4788
5549
13836
8715
8402
1577
10847
18990
4025
2547
2387
17794
9195
4247
20195
13972
10734
7558
21772
3705
6432
13896
13684
9620
21998
930
12467
11057
3982
4760
12526
9757
6075
18667
17958
3179
21511
16477
14479
1686
13443
12431
15373
10993
911
15778
2393
17192
4552
9766
21630
14270
1550
13966
15145
1810
8551
20820
4695
6818
19436
13537
21780
10808
8560
19052
6353
12771
15475
7290
13164
1719
14538
16596
12970
10935
8958
1856
14400
5111
8610
21303
6002
4176
6572
11785
12733
1850
5004
2497
18410
6258
1590
20589
9068
14713
12040
17739
15579
12030
2155
4811
778
17895
5290
12930
816
2698
10865
14894
4840
4040
12739
9908
22157
7654
13305
22052
7444
10378
2767
16111
18314
3453
7655
16842
12591
16950
1656
10182
108
16614
10115
5594
2201
2293
10702
18396
394
17825
2388
8797
13861
13123
15892
20132
15878
19288
16361
7100
3242
7933
18088
15108
17617
7167
19231
12167
20811
9846
2659
17810
18369
9753
20847
20787
8313
7425
3685
4408
10681
2496
19895
559
6226
15250
3401
9022
17430
9204
15215
10524
5977
9409
6522
19228
15933
15738
14481
16804
5001
15129
7556
17776
10034
9724
14068
5943
1321
929
7124
12187
13397
28
16079
12553
2482
16686
5635
10157
15440
2999
16510
6585
21618
7482
15327
21383
14965
3850
13740
12290
633
10066
20809
1155
11713
11790
18913
10080
12985
15899
190
19722
15366
7416
15390
6055
9607
13129
3696
13822
16448
512
856
1163
1520
961
16865
7907
14554
15932
11514
10735
15180
12748
4627
345
17867
10901
15079
15253
9637
19774
15667
9239
1260
6528
17631
9039
12971
14982
16366
13817
13395
13293
19352
12418
6029
21727
17852
15050
17025
18135
6286
9298
18273
17431
15757
21367
2823
20049
16705
21975
9463
19344
7147
474
18923
695
5277
14389
3586
22005
2858
10379
10316
15640
15696
3627
18603
1083
2070
16652
20642
12271
12172
8915
11608
2114
4350
18092
8307
21624
19378
12198
13967
5247
13635
10486
10537
5053
9418
14540
6237
7497
19298
17935
15363
9350
16905
18124
22411
13565
7863
21928
11978
8546
10056
489
3839
13144
4832
5839
15565
16227
3288
11352
17991
15288
16424
54
20792
15497
15114
9564
18158
19847
2978
1354
17692
11037
19660
21246
5616
6607
12323
699
7939
16060
8606
18359
11163
4175
3141
8205
13463
18031
1580
7035
3703
8930
11918
7192
1925
22201
3324
21117
1905
17724
16240
20402
19433
18148
3418
2375
9091
21987
16357
22464
4859
1231
20951
19136
22347
16396
2359
15281
4762
8559
4368
4661
20345
21487
8785
14697
7924
298
15408
17122
5348
2
7596
7559
14418
11807
1669
11698
18047
16355
10725
5255
15364
17119
11438
2169
3756
3798
7733
17246
22212
15779
10305
17535
10055
11633
5403
3251
19308
3864
13821
9527
15126
2170
21657
1484
536
14668
11035
16678
8852
9713
13915
7234
3845
3821
13713
3520
15431
4729
17472
21159
14899
5131
9787
4975
18915
20373
21001
2628
19025
2552
8129
10092
13734
12339
15876
20089
3971
9903
7564
1374
2054
17488
14204
16472
687
12886
15961
14022
11480
9397
8068
20576
5832
11111
6497
7200
17326
18313
2534
56
2378
3629
19682
10830
9085
13269
6393
22113
16394
17663
20133
678
17812
20733
13255
12792
20705
15697
14190
18928
7397
8943
6283
18589
15174
16325
3461
9501
16305
4843
2965
27
16666
16401
15286
8186
7934
3709
5521
10383
9840
17703
11400
1836
22466
17033
21937
11895
19724
10500
3848
302
429
14604
4444
542
9950
7530
20436
17117
11511
14327
13273
6973
7799
5227
18338
17304
1372
22
13142
18544
2409
7576
21629
2600
10126
9289
11191
9044
4133
2941
92
17100
14628
7049
22093
7965
6641
15467
7026
7892
15295
16135
549
2860
14144
8944
2258
12263
9421
10739
75
9108
18745
649
9025
11015
20764
9806
4290
2399
8495
16395
5358
14332
10718
7587
22394
6384
16687
3140
16970
22239
11377
8082
21794
7261
13201
5942
11674
16744
20530
877
21715
17563
12119
7056
13328
9522
13989
19569
8366
3875
18644
16762
13884
2312
6821
14366
6350
10027
7608
11245
10170
11246
1296
245
16268
22123
10572
21166
9797
16073
2109
18282
5192
15761
7466
5409
14064
17058
2919
13643
1607
18467
9680
14379
9465
16999
14220
6654
13963
1678
3378
10000
6980
17805
22001
20085
1427
9597
5562
6482
6313
5931
19365
15335
3676
10704
14722
5952
6233
2055
20882
10416
6748
14232
14802
11391
409
17691
18516
20968
20235
2371
19954
12154
7925
13020
1115
12005
10919
18123
6144
7709
18828
18775
19830
22363
14444
6766
16437
21435
18020
508
8653
16197
21842
5506
18181
9674
21626
13320
784
7089
5918
20354
13271
7345
8604
21064
5733
20577
10548
13960
6560
10945
7986
2527
3877
17302
16975
5598
16629
14002
11761
12287
4649
14742
7911
3256
21447
1139
14474
22000
16810
17953
14956
10667
7125
21889
17735
1028
4275
1831
19375
19023
21093
3635
22311
1881
12066
175
4358
2802
3456
6704
20112
6247
359
8394
9173
17166
7318
17814
19368
18522
22276
12258
15369
8698
16572
1622
21144
3103
6150
20006
19783
2268
5334
7162
22252
7761
22414
6600
9405
15338
11648
8467
7050
5510
7647
20924
12265
7336
14624
268
21346
892
2211
14033
4561
6954
954
19055
8026
13507
2252
7040
9088
7493
17497
3036
3477
11570
19691
20447
9540
2974
20192
5100
21171
10902
13306
7223
20850
2348
16683
10963
17607
132
18605
3122
16646
16279
1754
9714
8475
11282
13361
9015
18188
5576
14516
7550
4480
16173
2710
8415
11091
20521
6154
622
2784
6830
17759
4027
14221
19250
16638
7726
2872
21033
13450
19648
17051
1277
8087
17921
12807
757
946
10434
21315
22307
2038
17062
14518
21790
11389
17701
5335
3998
18551
12756
14375
654
20056
14358
16061
19669
2564
21072
9214
2141
510
17264
6088
12999
3505
9933
975
1458
1366
18999
15162
1060
12161
20942
17928
20913
14335
6545
22280
15577
18813
5224
5092
16699
8063
6321
9631
16928
3940
5731
1271
12143
13510
21915
16480
16314
20262
6693
5028
19071
5444
3274
2284
20190
2438
4927
9055
18169
11018
1274
9665
21623
4312
16264
2900
21946
2983
17596
18391
8839
17106
7176
12057
17412
17260
4103
20059
16004
2448
19563
2837
13016
18230
7011
19586
16608
2401
21757
1474
8524
3332
8657
1196
9344
541
22015
6919
22204
10024
3634
169
6636
21453
17077
15487
2921
16452
330
3580
9417
20620
12560
9389
22070
22118
7805
7931
21173
21807
13516
20896
1041
12151
16479
21654
2684
21441
21459
22022
14384
6397
5010
9957
18818
4878
4935
20123
10689
9709
17190
9603
13840
11921
4396
17901
3381
4817
4520
2468
7325
14710
18597
22393
2566
12751
7808
14931
8341
6792
20894
11741
20936
9520
20608
876
1735
17665
15412
1526
22150
14158
5798
19838
7539
11342
4504
12413
11557
3169
21810
17248
12471
12295
12020
14951
19910
21208
8118
12888
12801
11360
21504
12217
11410