17498
6844
18055
6681
4575
6272
5536
11361
18445
855
17008
17403
18089
4702
13067
21347
490
4872
6459
17286
21607
12214
537
2292
15742
134
17017
10424
8365
11896
19799
9732
19414
20599
6115
18752
20288
294
21177
18449
9676
19780
21911
10632
20634
7983
20309
11693
14661
15707
8197
20567
17436
2103
1016
17545
4405
4402
12562
5805
15238
12090
8704
17977
11551
18566
21322
9710
6101
10367
2879
1116
5089
5522
14950
4102
11066
7685
7606
22190
10138
17020
16921
13048
11476
7129
3133
11926
4573
1576
15039
11317
20658
11960
15208
690
1410
6116
20659
20663
19444
7352
21342
9811
21123
8679
14361
6737
17558
10643
15357
11714
13267
867
14165
10623
18689
7004
22279
7846
4416
16845
11866
11877
10908
19339
5983
12508
5014
15991
19675
14836
12892
18303
22455
5145
10479
13559
14702
8676
15045
18137
20332
4299
12811
7592
13289
20540
11027
7438
17059
1468
16274
2637
346
8759
19065
8298
17027
12929
20746
8195
18094
14566
19091
2691
20980
12464
7737
17165
3651
7161
6901
16726
21804
478
6541
3082
19243
13924
21633
3277
19390
10053
13712
18039
16030
17382
6160
17770
12938
2826
4929
15989
795
15967
18144
14258
19507
13282
8300
17499
19839
15374
12342
2725
15759
17801
8627
14583
10082
18420
14460
1396
9843
6868
21
4992
18050
12654
17196
13194
2446
11988
4342
16735
3890
13355
13389
7467
14488
6716
3701
6708
3628
22221
21860
12447
19275
4289
15300
4313
6784
8672
1118
9864
19213
1615
15540
1605
21921
3425
9041
7499
19641
16565
10570
419
19720
16094
22247
647
22064
20065
376
8907
12852
14329
13179
13935
21025
2462
14585
14759
13027
18931
12444
992
19186
13628
7713
18878
1360
11567
9303
11373
11850
1639
17242
19683
7541
15624
15896
14741
1988
5024
5945
288
8859
3941
20682
2466
4674
18441
19421
6135
661
1630
12425
17962
2487
683
16024
10128
4938
4903
15122
3829
7898
21670
2895
4187
11733
318
13199
16745
12308
15478
9488
19515
6306
5866
4091
5467
4953
10402
2694
20911
10421
10613
8782
11641
6828
18732
20367
7728
13264
20860
10757
2035
18594
21870
11384
4519
12487
5260
10700
438
2439
6121
3549
10564
1953
21641
5198
6697
6274
11590
5418
17838
8364
9932
19994
13878
22172
18075
11793
2938
5366
18201
5180
16781
13996
13754
1742
1919
157
10766
9783
11261
12345
16543
3462
20138
14777
21883
1310
3148
343
14553
8846
18657
17220
3436
17777
15529
12969
15315
19561
19643
6735
19688
4777
1858
21821
10451
2033
17500
6124
12828
1853
7314
17478
13478
13651
2647
985
3870
16653
6317
7076
777
6928
19109
11001
6567
13716
11967
1945
14929
18607
4553
127
17099
20779
15599
7697
19346
3538
3206
7251
20394
5558
20802
6971