7981
8825
2642
4688
14557
17965
21258
14021
22051
1457
11347
14992
12259
12513
18339
17920
7084
16821
9946
1496
7236
5697
14493
16098
149
8424
21639
15952
14680
1056
8136
19987
9369
13691
11805
8774
16668
7446
9310
8083
10220
9736
18033
19217
6627
11196
5502
17475
18962
14823
6843
2185
3347
10164
7101
6637
9299
4296
9669
1620
9330
18919
11575
13276
13074
12478
20707
10966
4973
14341
18361
1998
764
100
17690
13514
13572
13013
854
9133
4472
13261
8673
5573
3066
7054
1661
9440
20992
11254
14515
14421
7187
19588
12378
19930
928
8450
4951
1460
17183
6807
18621
13436
5689
1369
15675
481
5542
4009
19519
4647
21114
3014
5895
19271
15036
6801
15137
2608
15153
16096
12338
14424
6694
20621
6003
3604
17775
1237
13014
11336
4154
11529
12887
7294
11390
12384
8842
13468
3746
2354
7583
18953
4848
13399
16281
6322
12377
5060
19692
1901
15799
8725
7832
1088
1870
3246
2722
7504
3158
21647
9367
6857
13856
15272
11478
17319
20981
21852
4512
14302
20946
17454
10989
2981
5252
10166
16412
8786
5612
1625
19705
8699
7428
6589
15247
6632
22298
1433
5328
20709
12620
11363
8490
9824
10195
4380
11519
12035
5384
19594
3197
17870
6877
19558
8152
19535
5232
11577
10409
9552
16102
10604
15884
13262
11378
15957
116
9489
20106
2433
11065
20307
10194
3896
12607
11150
16530
20362
9534
1731
6760
5668
7591
8140
8269
524
10882
8515
4810
13241
16534
5025
21486
9856
5041
21229
4099
14677
14533
15179
15291
2022
13627
16577
20165
6797
14526
17878
8886
10754
7505
10512
14762
1875
14178
3640
16463
9227
16420
20334
21964
9127
7313
2463
1663
3170
16927
18347
18807
12488
16317
5289
20216
19176
9004
21958
20045
13973
21218
315
4837
814
22144
14100
16166
46
775
10186
15551
9426
9728
7145
3639
7843
22454
3553
1632
8014
19993
14163
6271
16152
13392
20862
19412
5553
18404
9565
13359
8671
13816
10180
8580
5928
20724
4031
3128
22168
18163
2902
22342
18501
15171
5
3125
14078
17582
3312
13098
8856
21863
13295
4477
6759
5370
3114
8109
19899
9887
1105
17291
6570
21748
8598
10232
9729
733
7753
20104
1152
19606
14349
18228
11217
12847
3737
13974
8004
19748
1445
14184
11090
21696
14864
2130
14423
11625
6796
11907
1505
3803
3229
14798
1252
17696
4169
4023
21576
22387
10690
10271
6052
21457
19524
19077
21102
1706
10413
6099
11874
6156
7357
11030
21256
7773
13645
21682
12522
6080
20878
20601
12961
2494
11644
19700
706
6923
10909
13724
4251
620
5890
11595
9935
12991
18241
21859
20856
20110
9478
5493
7651
14218
13665
1340
772
11211
10327
4768
16785
5407
17662
17976
16822
14678
267
16831
20922
19133
5016
1631
9317
11931
18853
15895
4203
2217
2329
493
19235
8844
11872
265
20684
14196
12597
6129
8126
14981
14947
20559
413
3852
79
7942
4715
10154
13285
1393
12621
15014
4193
17265
15305
20166
18548
10581
20450
5487
17426
5229
11000
19471
6175
19829
2762
16991
4736
1018
10878
6480
13872
1612
19431
2507
4860
1583
9910
15569
16976
2873
10810
8837
19435
12279
21999
1069
18917
20210
10546
1404
15566
13914
11993
8221
21321
21350
13022
6551
5793
13965
10091
7110
4010
19902
14437
9288
19388
10827
11740
17010
21761
6042
14031
179
16182
10249
17995
7031
7144
16750
16797
10325
11293
6455
7819
15102
19591
20614
15068
1697
10337
1171
15861
607
2929
5305
19646
2417
20666
21846
10926
4977
18247
15841
381
16721
10291
7197
21898
7472
509
9482
6402
5707
4621
21694
22419
13458
18377
14419
1969
15762
6726
14449
22145
7221
9648
17757
17493
11464
6464
10097
13149
2950
14053
5341
1175
15768
4930
19078
20201
9751
5279
21558
4457
6395
22418
19475
15962
4302
14529
5816
18240
21255
1852
10737
16992
18411
15396
1671
19719
5375
1355
1683
7879
21597
16784
19493
11946
14949
4491
22142
12907
12803
15459
18199
11028
20412
17584
7384
4191
10763
17131
17029
9800
19485
4254
8674
18002
6679
20460
5571
10528
889
20629
16199
1702
19318
19458
19241
16684
11932
14317
885
16858
20451
18253
14313
18348
20271
4450
20441
11140
17594
4095
17937
21245
9968
22120
15863
18921
16695
11047
20566
5172
3089
1343
6128
8549
3033
12434
18610
12766
12735
10111
10959
14829
21688
722
4236
17713
20893
13480
20140
15448
10998
18563
3946
15602
20838
9525
5883
17765
21138
9209
5519
13547
17508
9721
8215
21977
6913
8371
3867
6788
10244
4650
20156
2781
12741
3541
3471
13550
15301
6040
5389
10521
13200
6248
589
1782
9974
3626
18726
15428
6188
10947
4470
16778
18558
13933
21823
11524
4713
6189
20843
14505
4689
12768
19521
1911
21118
16840
15794
14005
14601
20853
12555
21253
1261
21947
17263
19502
19602
10201
22370
725
11893
347
5415
12708
4641