3858
3324
2895
5944
5480
3587
8961
3054
4594
1963
9346
1119
1396
5524
4950
5192
7962
1201
9262
8317
7805
8878
4750
183
8848
4348
6216
3973
1038
7439
1358
4534
3292
1347
7914
404
6039
9168
887
8726
5483
5925
7063
1898
4190
8038
4798
2690
9491
253
4251
386
1869
7620
8541
7595
5385
528
5978
1539
5962
6077
2350
725
9254
6509
3412
941
6642
1469
7741
6781
7887
3801
8666
4979
6206
4513
3909
7206
5677
2565
6880
3294
2946
3414
7485
2088
6312
2813
6425
8396
1868
1687
3827
6551
8194
2600
6106
8833
4027
2534
493
7380
9104
2268
731
6321
5652
3043
4252
5345
330
8104
7414
6986
1197
6071
3981
8551
2026
602
7306
5877
3776
2939
8804
6122
545
2907
1657
2945
2908
3215
3105
9494
8462
2051
4978
6656
7897
5405
8210
6298
7612
1806
7111
4882
9251
5076
5588
7155
124
1557
9426
293
5313
92
5452
963
6430
442
9156
123
5679
4643
8478
580
1458
4012
6969
7539
5668
1550
470
8513
1855
746
5949
3359
6285
4604
249
6990
1500
8527
8602
2323
8633
153
7657
2583
7031
7752
6603
4089
9230
7535
2514
8246
7894
6265
7104
8424
778
8688
7050
840
1170
6352
3144
4338
958
3620
7402
7667
8720
950
8135
4327
4223
7989
4341
1572
3334
3198
920
6910
321
4923
2673
7136
9438
4520
5590
5462
9348
5559
4178
5020
2230
5305
5838
2501
8682
4133
3132
6664
8790
2345
7986
5509
3575
242
8043
1316
2451
2742
2211
7057
348
604
4138
4174
8437
4987
2016
4373
6711
5744
9271
5244
5707
6123
3175
5088
8953
1137
5619
5530
6166
4812
1541
7889
7049
650
4491
483
4318
4870
1135
1087
3878
2494
6970
5398
4969
2292
5699
6979
7128
1133
2153
6971
8293
4017
5295
1668
2319
6587
5083
8286
8535
3214
8887
1279
4607
8909
2645
3818
9349
354
7856
5897
7112
4562
9260
2953
4353
2734
4719
7930
8764
1975
7416
2124
867
7159
4009
2204
7495
2811
5233
6161
4875
5066
5431
7488
8492
5027
6797
5195
409
1355
8997
4097
5388
6857
8064
9236
3892
5963
6495
100
5238
5269
1940
7267
8951
1297
6355
3912
7822
5678
6987
3739
1079
3660
2800
3247
1352
847
3653
1336
2519
7487
3251
8913
4151
1852
1344
6796
2663
8860
1488
5086
6417
6801
1111
4580
2129
4264
5406
3500
8009
1202
9278
7745
667
8297
5840
3147
8689
3068
6628
6662
7356
2334
1246
5578
286
4411
5346
1695
7751
5441
4123
8936
9370
3708
3852
2308
5907
7684
5698
5735
8599
7025
131
837
4690
8356
3379
5772
3392
6145
2127
3703
1835
2504
5200
5151
7154
3010
3256
7481
8237
7302
997
2348
3260
2975
9325
2457
6878
1906
2655
7937
4633
7763
858
5138
6297
8815
5791
175
1341
5986
2385
7218
1437
4400
2447
9460
3362
1832
7571
6104
2507
1272
3557
3656
2683
9401
6070
1327
2601
5171
5366
5529
7420
915
4162
435
7831
5270
1434
6531
7920
1919
151
2108
9372
8637
4893
8582
2394
2239
8969