5356
3073
3016
5862
4346
2739
342
5137
5566
4234
6562
4306
4008
928
3550
5015
1023
5292
722
6421
1957
2755
2459
6192
6718
228
6942
3544
9038
4819
8303
856
3426
3902
1132
6547
4167
2098
2978
4997
1447
8363
9193
247
3078
1373
2173
8565
808
4025
7072
6232
2889
2221
7991
3075
4228
4015
762
7780
7815
5033
2598
3478
1614
7837
6364
9110
3304
2652
3339
291
1443
1441
2061
8228
6346
4756
5931
5349
5864
1489
5541
8846
4094
7319
3134
893
7108
4335
6804
6945
7757
2252
8260
1165
2979
4486
8489
3213
5805
4419
7453
7266
7783
3389
3261
5920
8123
5152
2555
1103
6398
2351
5482
3059
7838
8563
3314
6762
5071
505
7391
8330
3303
5640
3149
6740
7725
3017
381
8536
4254
5236
301
7516
6350
8410
2245
6396
8770
1258
1457
3297
6314
9036
2235
3473
6457
4671
6844
3644
8034
833
4838
2281
9008
2114
423
2342
8837
6621
9358
1570
6516
2768
820
2260
8162
940
7800
19
1952
4344
5583
3158
3496
384
9073
5463
7618
6619
3319
8061
6491
5293
6930
8251
4835
9425
2436
5321
5734
7127
6510
8794
3074
5026
1907
3679
1076
149
2961
2207
8168
5683
1568
3439
5528
890
1009
1649
7671
7821
1454
6060
5568
7840
8643
3487
6623
7275
4131
5210
6439
3403
5789
4550
327
9436
7325
4960
3570
7330
1183
3452
6049
1718
6737
9191
8791
4526
1980
2527
9035
5754
6641
1313
4454
3671
628
2767
8606
1671
3138
9171
3364
1266
3257
4784
7476
4576
4965
7193
7621
7074
7816
9178
2119
2830
8678
9365
8274
2410
9404
5024
792
2784
2136
2725
7428
4426
2864
7850
8214
7961
2675
9016
3731
4250
6248
7654
2629
3678
8751
8645
7533
5998
2726
1251
6154
3453
1217
229
3576
6746
2157
8421
2691
2069
6627
5314
8052
6305
68
4930
7699
79
5286
6874
2276
1633
3033
1221
6133
5580
8578
9170
810
4933
4669
5212
5785
9320
1773
9208
134
2009
7096
2052
618
5479
3001
3516
1798
5299
4739
5971
9034
6320
5454
8163
8843
3371
9014
3333
562
1063
529
8603
2149
7893
7628
55
4493
1864
9030
3784
2031
9275
250
8308
8080
4103
3978
3184
3702
7647
7020
566
6582
3534
5810
7256
8874
7795
1909
7687
1232
8854
4168
408
1784
9058
7150
6279
5956
7522
3029
2801
5429
6852
7294
3424
4626
2807
9467
9343
2013
1761
385
8814
336
7084
8258
8870
1809
6046
3509
5162
5845
5048
3022
8400
8966
1392
894
2092
4563
6705
2374
3994
3548
1064
8723
1765
2884
9485
8304
5125
2845
3404
4846
8662
405
2589
5625
694
345
7977
5129
3328
4216
4484
5500
7268
2321
4498
2606
1533
1762
1689
5523
4235
298
5854
8844
7422
5329
3320
6978
4177
5582
6024
5350
818
622
3778
7750
4409
8820
8792
9384
3980
5422
3210
1967
4806
1580
7585
2193
3547
5051
9414
3464
5078
7670
2056
9347
7102
6072
3722
8001
7065
875
7174
2881
3300
1676
8945
4315
4060
5642
1415
5738
4036
1771
5197
3756
7087
7440
9057
7346
3787
7043
5465
2546
1960
3831
6484
4155
7611
6087
3373
5023
5746
1393
3185
7496
8092
7002
6811
1407
4268
3181
5242
7941
4600
2405
379
1471
807
47
3880
7090
7574
6488
9243
2336
4464
8932
1939
3129
395
3397
2955
7006
1542
1976
3728
5467
3599
6865
362
8950
4414
3891
3813
4376
4355
3723
3803
668
3635
8813
1350
6751
2343
946
4637
1254
9360
4951
455
9455
7885
2632
2099
2366
1664
1609
1780
168
8635
4389
6524
2783
8485
6289
7016
5032
4710
1544
7966
1838
5775
1018
6448
3113
3555
5054
9323
3490
4839
4674
6477
3699
6455
4897
2698
2775
5098
1893
8193
2116
1875
772
3111
424
4018
51
1743
9160
6125
4499
1503
4247
3899
2352
3108
6131
3116
216
719
4755
4535
6044
1801
7702
5686
2134
6525
3596
5364
5228
4555
8045
4527
7808
5525
3170
5783
2773
2780
7871
8332
8893
3597
6225
2427
2852
7830
5412
5824
5309
8761
8041
1050
6365
2898
831
9134
1106
3900
5618
3757
1117
8506
4388
1867
7312
7993
3145
3847
4119
1209
1914
6580
8853
8547
9172
7581
3622
6042
3195
3091
843
8954
2636
5504
3684
3323
3659
908
3165
8647
8379
5807
995
2279
448
5003
1019
4973
3044
2287
2397
3241
3131
2643
7812
2438
2300
1479
8463
1873
4081
5418
696
6779
7468
2249
9142
6963
9028
5039
6861
7011
7864
4927
4941
8106
8979
6009
7293
4466
8940
364
3083
5767
6215
8967
2383
2446
5813
4266
5013
970
4682
8229
4675
5107
13
1270
6220
3437
5188
8627
507
3630
343
3654
8500
5555
7613
499
7766
9173
2001
9299
788
6329
900
4142
7924
7427
1406
6487
2610
7981
874
5562
9277
6697
5368
8667
742
7608
678
7534
2557
2640
7156
4197
5341
7213
5556
3177
1233
3313
6064
9153
664
3206
6303
1712
7880
5865
1837
9125
1375
2267
8327
7984
4805
5156
5167
8143
8454
1105
5034
4865
6972
5030
5669
6001
1811
3445
3549
7855
5804
6204
8830
7418
6276
1031
7561
1231
1714
2656
6308
3999
125
8126
4541
3354
9301
2005
2932
1794
2928
3585
6923
2382
6395
218
7500
7475
1144
5320
8273
621
4113
5846
4495
7563
8307
2995
1637
806
5148
1635
8161
4321
6522
2792
6638
4699
9106
5169
1908
277
8091
6946
8805
1569
3167
33
6501
850
3718
802
4196
4074
2896
5254
239
7829
8703
4762
2179
5599
981
9159
1108
7347
3939
398
6817
2162
1973
4088
4872
624
1016
3683
2615
2723
6767
3077
7950
665
8990
6537
1606
4708
8569
2458
2081
197
284
9424
3922
7606
2381
2752
6173
9402
7309
5391
6940
5946
6443
4260
4023
5257
6055
6785
333
2877
5307
601
4182
6359
7010
7578
1468
4953
3291
3693
210
5896
8501
6832
5473
5782
7573
3276
2190
7171
2058
7836
8381
1460
4845
6892
7507
4712
2951
5111
5540
3594
8351
6511
2900
1256
3664
8170
4571
7335
3613
6212
2756
5191
9316
586
1269
7557
4357
260
7397
4636
1461
1655
3631
9027
4431
4
4310
6268
4751
2595
2915
2466
7990
5093
8993
1705
5464
8108
5056
5808
5091
9020
5358
