8216
2282
7139
5537
7231
1526
4050
2233
9310
2728
7627
8067
3465
1752
7195
704
4855
3209
5681
588
4715
8999
6689
6213
3128
1879
6418
65
9381
8911
8378
7583
4326
449
4387
4065
4852
6280
6876
8787
2890
3369
2624
2619
280
2804
7115
1371
5064
6838
2794
4809
5501
5296
8754
6502
78
7082
8735
2166
8661
388
9185
3992
7738
4109
1591
414
8453
2143
987
2184
2612
2883
2084
7119
5639
5601
755
4518
739
353
5136
6812
1259
9241
2229
461
263
3420
3913
5741
6371
5469
7114
4730
6426
9071
294
8901
8937
2966
4665
3086
1242
5616
8581
3199
8865
5814
9304
1351
3672
7685
1895
688
9462
4415
7210
7919
5001
4287
8252
6385
1478
5442
787
3151
5718
74
2843
7259
595
4463
4485
6233
4072
8465
2993
3423
8766
1309
7310
923
5115
7630
8558
3767
7572
3621
9151
2218
1118
2510
4605
1778
8944
7998
2710
2582
5561
1698
6885
3307
4288
7186
9212
8531
8093
4468
3095
2242
1870
5647
6951
3748
1532
3004
1543
5072
3137
7311
7017
907
5008
7291
5144
7451
1275
7746
9403
1047
4688
8321
2821
4374
7910
6792
8278
6472
5427
4681
105
6504
8592
2145
5591
323
957
5919
6909
684
6927
4271
4939
8839
1604
8881
3566
1210
2865
2729
357
2176
2986
8968
3925
1894
9222
7983
3841
5102
7318
1640
475
1553
3538
5875
4086
4780
4392
6149
6008
2785
2738
2085
2271
8027
969
7526
2295
8525
8046
3451
273
2778
3462
2511
3948
2836
1896
6529
7458
2254
1523
4095
9149
4735
2922
902
605
7579
5110
1425
4183
1
1198
6207
767
6405
5849
1912
4707
4019
2616
4957
8097
3832
7101
2823
5908
1385
8769
934
6564
2569
6238
1477
2926
777
8236
7079
1089
1971
5780
3444
4530
5801
8443
3236
2841
609
5980
2302
5496
1153
5589
4316
8711
4240
2317
2682
8033
819
3991
7744
3085
2032
2856
8245
1559
1219
1921
458
3923
4971
841
5425
7765
740
865
2634
4001
7705
4352
3071
4652
532
1150
2541
5534
101
5090
4905
4506
5857
3513
975
2021
8651
9334
1576
4592
5386
3588
6993
5739
4515
4083
3183
1273
6278
948
1943
6169
5852
9067
5306
415
2550
7058
4996
4359
6831
5977
1301
8719
6258
3009
7130
9288
6573
615
4680
7862
6938
392
7719
5799
6764
9354
7133
4583
4524
8537
8053
8140
8362
7605
9477
6540
1285
1328
4049
682
599
5120
3130
3356
8886
8677
8314
5478
2358
577
8538
8347
8141
7560
6208
5839
8406
5876
7501
495
5656
2232
2523
5914
7075
8069
8422
2389
3829
6084
3050
32
4478
7817
473
9342
9444
7869
3385
7592
6262
7046
7947
8975
4504
7904
4127
2208
6512
8240
2977
3689
4169
2812
8060
4986
8516
6683
7532
3833
542
3606
9400
3163
4382
8102
1384
5777
5104
8449
5900
4760
1505
5955
1927
3265
4654
205
2038
8448
4895
3450
7278
8528
9383
2617
8442
8200
3674
2969
6539
3400
9246
3172
7936
6214
3979
3810
198
2709
6654
6375
3164
5666
5370
7548
4099
67
4383
511
9105
6883
4952
5935
5990
832
2604
246
7258
7607
3968
8629
4765
7038
8296
8299
4731
4788
7176
1899
8919
6833
6766
281
8154
6394
9102
4656
4924
9382
7521
3793
1416
2283
1225
8615
8586
3750
35
1571
8580
8544
4474
6806
1164
2324
9376
8926
3063
2181