3835
166
3406
5918
3021
1360
7674
976
8415
6921
3179
1086
6196
1191
5861
3819
3384
5892
7170
9496
3218
4728
4492
2819
3249
8782
3786
2701
7051
4475
2676
931
3759
8799
7811
5222
7480
3042
3889
2834
6026
5220
227
5544
2269
8344
4683
3146
2553
2630
9470
7958
7844
5671
2461
5342
1302
1774
7729
8899
8653
8219
7261
6967
3299
8408
8995
3957
1049
8808
1920
5435
4042
8158
6382
6201
244
8054
1326
6665
710
3277
3226
8160
6142
5947
7323
437
1593
3885
8713
3355
9140
1970
1311
5031
4724
410
7467
7093
6592
4021
4366
3840
3860
5315
9079
6960
2310
4301
1429
9428
2512
5400
6965
1958
1357
6317
6870
9272
4003
147
5898
1091
8646
5069
2590
3527
8385
8542
5371
522
177
2689
6607
2439
5447
8113
5274
6998
4700
6054
5936
3542
7095
2473
3125
7882
6841
1340
4621
5382
8026
1926
8724
5565
8611
7799
1465
4568
2571
7241
7508
8398
3928
2705
7826
1260
8873
5460
9162
8962
9321
6827
158
9340
2347
7147
6138
1547
8947
9043
3643
8696
7181
4076
979
8441
5629
5029
4237
2692
6165
1659
114
5952
2209
7067
4801
3716
2191
3977
2472
7872
7007
4158
2142
3225
3173
3675
763
4590
6725
6777
3289
8742
97
7680
571
6159
7596
7819
4098
4403
3921
6492
6727
8671
7932
4920
6936
4368
3808
155
7125
9223
4659
8801
4949
4627
8532
9224
5283
4975
1502
3855
6306
1374
6176
1152
5728
2666
159
6596
955
1508
3470
7409
8595
7848
1848
3428
9475
406
7276
1847
98
1594
2641
7411
3135
5886
7517
5253
1791
4236
6729
2529
3998
119
445
3586
8020
938
8484
9233
3104
4586
6081
4918
6618
8416
6867
3627
77
5288
8490
1253
4324
764
4807
2695
4854
262
2377
4574
5468
5108
5921
8452
2322
5322
8174
1911
6709
3807
8626
332
9418
8391
486
1487
3139
3960
7988
3398
2965
1674
3772
28
2455
4067
7683
4317
9363
282
9464
1807
8165
2664
5716
5061
8241
730
5518
4402
1679
4657
2880
6035
9121
7091
4859
4238
3881
9472
482
6433
9047
8051
926
7142
3455
6296
8176
5301
2019
9132
6670
7188
1010
7547
6505
2304
6958
689
7569
8253
8145
4186
4775
939
7493
3098
8256
592
6858
2678
2355
3436
4861
9330
5974
8674
597
1755
7527
2521
1884
4164
5163
7442
1590
2934
7770
2499
7396
7538
9195
1724
1030
5240
3457
9207
7734
7599
6920
3056
5878
9333
5725
9394
8420
888
3905
6853
2135
8417
3488
6347
610
4129
7068
44
2989
8056
8100
7460
6635
1812
5157
1115
1402
202
1878
1861
6307
999
91
2626
1032
3870
5354
7029
675
5675
3228
2428
7678
871
1303
5672
1387
4274
4075
5420
7358
8413
5856
359
4061
6235
3906
4883
6824
884
7747
1490
4718
5981
6577
3309
3196
8225
6991