302
759
7160
1139
4966
6756
34
4056
882
8355
8136
6544
5515
9416
3628
3482
5502
6226
9176
9137
815
754
8283
693
4432
7761
3000
4140
7146
27
6146
4220
6706
6771
1522
3618
4596
1853
6319
4779
6179
8238
2770
2453
7349
3540
534
1436
243
4577
7759
5489
4959
1319
7503
6957
4685
804
800
5132
8412
6170
8884
7814
8608
3285
7207
2332
4450
4906
6647
6432
6977
9206
8973
3783
1506
9108
4150
4873
2653
9378
4399
5809
5626
1949
8226
6397
8684
1181
7326
5700
6508
215
3295
3795
626
2095
9148
7238
1190
2815
6489
3435
7162
1754
1322
8166
712
6406
8550
2696
5377
4789
9069
7227
7377
8638
4559
4093
5316
5938
3380
3706
2863
4206
5628
895
8471
9315
6968
2167
7457
4219
5445
7841
516
3990
4977
8464
6073
4082
106
5135
7233
6897
6728
9487
8955
5827
515
2684
5763
637
3178
2837
919
407
5740
971
86
5176
7645
6530
4194
3293
1636
8701
8732
9335
5131
4320
2586
3013
1769
5079
3600
1162
2399
2089
8540
5604
4489
1554
9379
662
1140
2419
4494
7182
2468
7297
8882
7244
156
5081
3322
6763
4980
9062
5844
1012
2327
6157
6574
3680
2012
8013
3011
4311
2635
8958
9392
2680
9267
9213
5890
5911
422
179
1645
8847
4066
4433
5674
3187
4300
9423
1617
5576
3561
9200
2395
3830
3211
6496
9453
1859
2985
9445
2879
9280
2178
5979
9371
8432
7825
6002
8618
5116
3614
4774
8105
3159
4405
7406
3869
81
1660
7701
1368
217
4940
8473
7876
8823
4227
3962
1740
8871
3647
2465
1903
2518
7163
2982
556
5806
4614
952
6610
8313
3933
1495
1065
8024
1984
8707
6822
6107
8430
4085
3367
2378
6483
7336
8605
1403
8556
3580
1667
6171
930
765
2973
6344
8
4121
1902
6281
7708
986
4299
5165
9446
4842
142
8404
3845
5620
6521
8079
5997
6825
173
5968
4276
3862
6693
9442
661
472
1974
4856
4851
287
7370
6458
2471
1656
4989
2693
7469
4059
8981
1947
1556
4716
5825
5285
1658
6518
454
329
3361
1626
5881
4401
8039
8509
8103
925
1300
5170
5040
5532
1238
8124
3692
8546
1410
144
7479
9026
1331
6386
3537
8365
22
1842
292
1728
1014
6556
2046
5884
5930
5507
4874
3072
4073
4827
7099
7085
4456
564
1228
6702
8903
5300
4834
1574
7931
5112
489
5038
2165
209
7443
2126
1042
5895
9060
2301
7251
7288
3088
9012
5475
1818
4741
2197
2432
2002
6640
3308
289
6902
9413
4146
4584
9216
2611
3851
7292
3347
544
899
3298
1833
3578
8401
1037
1883
7616
2325
7148
4849
157
1602
3919
3686
6898
7378
7935
6409
6583
1638
4909
1057
9463
8032
7943
4440
2441
2826
8393
6760
1364
85
6952
317
3669
169
5719
3352
1749
221
3425
9022
9458
8832
5376
937
550
8019
5413
9032
1839
4351
5121
1800
1968
8872
3738
4135
7978
4635
7960
4678
8970
1823
3541
1605
8760
2097
674
4672
826
9203
4427
4230
8803
7384
4864
6733
1433
8914
5498
1145
3743
2806
9263
6245
2259
6045
7375
9103
4380
5235
3639
1678
3711
3046
212
9205
3250
6819
8055
1427
265
988
1208
859
5703
7641
232
1015
6100
5014
7083
4505
3882
5901
5168
6168
2488
1746
3874
7915
2212
4108
3952
2997
663
1700
6912
6300
3351
647
8331
5055
1937
1790
3288
1630
509
120
3634
7673
983
5983
226
4757
2106
552
8985
2940
745
6742
7972
3477
3763
211
8669
1998
8539
7577
6392
8676
2297
3697
3584
3747
2759
2540
2398
5731
2240
4831
256
2262
4295
3302
2876
7452
6985
7968
1386
4917
8247
9152
8089
488
171
2296
5304
8281
4787
7027
6700
4340
3267
9192
3081
254
3824
6027
6626
854
1804
5492
6688
5207
143
3745
5190
504
3553
8334
9077
7552
7902
1610
6108
5277
6701
1224
9059
3753
7026
8088
160
8571
5432
5991
683
1696
2763
6677
2702
9177
824
1887
2719
4766
7589
138
4566
3574
5184
5680
5021
9031
8353
497
5829
7089
838
7229
8564
612
4840
5826
8004
3724
3390
3194
8277
7470
5178
681
1072
7676
2862
122
5485
8185
5373
6376
7253
2278
3950
6639
2482
50
5308
2049
6485
4393
6546
6581
5043
4639
3525
1261
4763
4256
1296
3476
1455
526
5585
7225
6465
2857
5217
6452
5381
7926
7425
5201
352
2227
3193
8263
1255
8374
1858
1123
7296
6696
2513
1456
1052
7222
501
7723
1803
692
6799
8515
2402
6914
3551
3007
2307
9129
5146
2481
2956
1733
8175
6770
2603
6141
3944
8998
7938
5419
8395
6738
8290
96
5183
188
5058
3565
6714
204
7953
6873
6326
6244
2584
3507
127
1265
6461
3246
8928
8389
4016
1481
5973
6337
6503
7980
715
7484
1216
6063
6336
1298
380
2076
4676
107
6462
559
5505
341
3411
4554
7542
1090
5028
7240
1654
2578
8934
4837
1860
7602
9385
5850
5512
4539
2008
4261
753
4378
3060
6153
8594
5143
2580
8348
7764
6612
9186
5687
2020
1051
5474
5712
1599
4460
3768
397
8750
8259
2568
2607
2814
9259
7895
4052
220
8733
4313
8312
5535
6332
733
5868
4242
1561
7382
3773
7854
6075
9187
39
2413
5546
1482
4124
990
6994
7295
8685
5695
2403
6649
5333
9232
7917
5203
4014
7604
6499
2010
932
6102
5249
7550
367
6219
5089
6545
3467
6744
8196
1467
7967
4269
5950
238
4022
4929
4331
5272
6507
671
4734
1193
698
6361
5062
5166
6613
4691
2480
4204
508
4181
5476
6695
2547
5872
5634
4620
3799
1597
9045
5663
3879
1318
4955
2370
8929
2022
3826
1996
581
5554
481
2138
7695
8767
5579
4894
8155
8323
8370
8451
7590
365
7073
5234
2050
5822
58
3754
1956
1793
2618
2316
1628
5548
3336
7272
1850
3846
2011
8663
8972
2748
3961
7665
1033
6675
7970
1440
4064
8915
8419
5774
3061