1931
1748
387
326
5745
5262
5070
2777
5988
2170
8494
1066
3539
8948
3715
8254
36
6324
5953
7003
468
7668
2497
6315
6089
2251
6345
3192
3761
463
2151
2637
5258
910
1442
241
8269
2572
5584
7060
5067
904
4436
4803
4748
944
4799
4467
3012
6586
5268
3984
3894
8984
6410
7194
2393
4630
6111
3484
1180
6895
4606
3651
6747
6003
1595
6646
1420
2422
6905
8262
587
8568
6419
4422
1702
7852
8765
56
7041
2581
2416
7580
7423
5794
1981
2261
8738
1401
3868
2371
3988
9289
4720
1565
8249
3076
9290
1722
3066
3315
7450
6127
1763
7802
6124
3581
7656
1764
6062
3949
1600
5933
639
30
1001
8239
7733
3114
2030
3269
1213
5243
2835
513
798
6287
162
4367
2903
6151
208
1621
1188
2415
4670
5347
8511
1737
4538
9355
7999
635
233
1000
8796
5080
771
5526
669
9466
1905
593
3015
8112
72
7158
2743
62
7801
5581
8584
7486
1892
1515
116
5748
8946
9017
2223
2992
9146
1466
2384
3742
2418
2552
1825
6099
3616
8031
1713
3413
7215
8149
3532
8234
5633
8340
3253
8876
1161
877
6802
8207
984
3556
7519
6845
6413
1287
9231
466
7588
7066
5659
2958
3119
4551
6997
1874
4507
5847
7866
4694
8386
3517
7303
3230
4811
7054
8640
6450
4610
2909
4793
5330
6943
9184
2596
3861
5278
3101
6555
9332
6659
9488
6513
6915
5186
4742
8016
8352
4595
3133
1517
6250
6754
4529
617
5145
5302
5059
1184
3058
7180
2548
4282
7403
3884
3607
1134
575
8554
1026
6721
6059
2070
1989
6460
1222
1367
5387
8868
5776
4423
9096
1836
873
7514
1055
5733
5723
9120
4043
8507
4519
3967
982
1992
9432
1157
5692
2182
4477
8978
3142
2037
4371
4257
8438
2248
7107
6906
7769
5837
7782
6078
5383
4172
535
7052
3533
5403
6666
2057
7205
8375
4297
708
783
1122
3263
1928
3982
3220
427
5657
2871
3031
1697
3577
1680
4668
1141
6185
4790
1271
4062
2927
5006
7364
1577
2079
6182
5453
4804
4421
3127
5036
3601
3378
6588
394
1470
1292
1942
6983
6259
8439
5519
3321
8300
2309
7506
5252
9204
3883
4863
6128
5199
1092
8545
5118
6514
1412
4869
6840
2715
416
7131
2849
5019
9405
714
7626
4071
4471
18
8369
9352
3202
7196
8301
2236
4687
8986
1126
6776
1704
1964
3983
4372
9167
2751
7376
3372
2202
9202
7044
8634
9448
339
9064
7860
4821
4224
4963
8614
4208
8916
1512
8730
4439
3103
4032
8320
17
4816
6667
4706
3602
697
456
8017
3331
310
7635
1750
6578
1826
6554
4115
2299
8631
2025
8788
8496
146
57
880
8632
8533
549
3930
7152
4896
7053
6377
6542
2486
6980
8714
5510
5404
9481
629
4573
2644
6854
4451
2243
4800
5499
2189
1653
6976
8728
7307
3039
5002
462
5436
2820
1948
3668
4887
5361
2226
4114
855
5926
2543
2716
2356
2906
366
7911
8555
6266
6372
1283
6563
3908
9091
8718
2720
195
1719
5087
252
307
8372
6389
4253
7556
5923
9165
7183
8989
5851
7952
5457
111
1074
6901
2072
3552
4767
4010
2885
3744
4644
1382
7786
467
6137
84
7940
7711
2933
60
5273
3809
4407
4294
7688