8497
9451
6177
5390
2477
1136
6988
3405
7693
7048
3735
1244
7774
370
7922
1779
5351
3800
6408
334
7408
6786
2520
5213
1324
5097
6301
7754
2068
2747
6316
7974
4752
7059
3052
568
6875
886
1041
703
5542
6652
7982
6698
2847
5993
4125
5752
2241
1405
6534
5047
5643
8339
720
3171
9141
3366
3658
7339
2172
2714
1758
2688
9412
4673
1207
4511
2760
3526
5444
3605
2711
7239
6401
4743
3317
2201
3665
4679
2096
8892
9249
3479
6095
6422
7842
7441
5484
8028
7137
6048
4858
2379
9154
136
2912
8610
4932
2925
3582
1446
8988
6761
6302
555
6780
2844
2947
700
9051
1684
9229
5645
3330
603
4686
6348
3310
7492
4542
6431
8328
2112
6156
4634
1721
978
1582
6057
4558
4459
9078
8517
3545
4245
1690
7249
5835
347
3244
170
8920
9199
4106
2380
8589
8354
7383
5149
6470
2368
8294
814
8710
7939
297
9362
2426
7379
7537
6481
974
6357
8921
6500
3730
3609
1204
8011
8716
643
429
4448
4390
9322
8841
5246
4517
8797
276
9138
7421
6798
2060
8085
4903
6291
8906
7735
980
638
1307
5959
7778
960
7260
6230
6567
5575
5050
5177
4964
4537
5511
5423
2562
8747
4420
6240
6879
5046
7698
1310
2047
8613
484
6119
9214
8831
6686
4154
2963
5206
5957
1048
8271
6605
9003
3676
5797
3837
5536
7541
5770
4283
5630
2087
3393
7322
7013
7818
927
1585
1651
3363
2485
1786
7338
7040
5905
6823
8405
163
6730
63
9291
7034
2545
469
3377
2311
3242
6293
267
633
2574
5545
4273
172
2206
992
1306
6862
9440
3573
8057
9306
3141
6687
7172
9353
7896
3814
2357
3515
7609
3274
2868
1759
8295
6333
6373
444
4794
713
7771
99
6143
6264
3109
8035
5939
7755
4781
5281
6404
9088
3849
8562
181
6886
1107
9329
4545
4783
7281
510
8784
8619
309
6446
2651
912
8188
8044
4304
8101
2462
6602
3850
6362
1999
6816
8858
1536
9068
6086
117
870
4385
6
2431
4709
5261
3963
2914
1082
8195
6634
5077
6193
5710
5344
4702
851
6935
6528
1491
8156
6069
4944
7510
1114
6223
4179
1035
8965
3217
248
2122
3375
399
3497
3402
1821
2930
2662
3180
4333
2452
2648
9345
6795
1691
1513
7536
6012
2414
2200
6442
6411
6723
6680
2469
5438
7793
2724
1744
8851
1951
4290
1751
3688
2670
4958
4218
3811
4601
2536
6631
7877
5608
5012
2654
5004
7721
5831
3732
3284
687
5284
2093
4749
6342
6085
6548
8316
7094
7361
2148
2255
9155
6412
9144
8322
4161
6311
9010
1566
7528
6340
1428
823
2827
4443
3252
5753
7448
2250
7120
7664
6445
9217
5650
2264
648
5106
8780
4843
4166
6065
3522
1286
7334
5491
4122
789
7286
6715
3713
41
9046
4111
8444
7064
2769
7106
5318
2392
2638
3434
1534
8604
8731
2633
7257
7385
6006
705
7906
3254
9049
7704
5641
7015
7265
5787
6773
3312
1121
358
5714
4096
4105
3107
8349
2448
4044
7399
5018
3785
3337
7000
5134
6953
9005
6390
350
5276
711
6850
4289
8816
2326
881
7518
7100
2549
5784
1054
4035
87
5654
2787
5052
2216
2530
477
8900
4153
4210
40
7781
8702
4567
6236
5237
5691
2533
3822
6134
1378
8264
1620
1247
1496
828
3353
6162
5882
7726
4729
6590
4143
9256
5569
536
5223
5819
7710
2639
5874
6710
3924
3737
3543
4309
4946
7004
6648
4302
6101
5684
1504
5271
1828
4922
5458
2754
7987
1098
5173
6414
2744
2766
2974
2950
4629
4510
4942
1923
616
6210
6704
1002
2570
5800
4398
1176
5598
255
2117
3806
1113
4697
1241
7332
2103
1969
5340
3386
3227
4488
6616
4417
6691
5624
6553
8098
186
2152
5655
9215
1669
7929
3120
7985
3867
4778
453
2943
7888
224
779
5987
7126
7846
793
118
7549
9087
8333
1025
203
8529
2935
8382
8142
2391
6189
3494
6424
2139
1851
869
3935
2192
3698
5817
1381
5141
2703
1699
2474
225
6989
7001
4970
3774
3779
3365
2045
5742
1537
7658
6637
9190
7431
4305
6467
2623
2929
3207
5399
9061
7080
2608
2829
1439
5332
1994
4069
2420
8177
6098
8795
6750
6533
6135
9427
9009
6482
3972
6040
9100
1564
7141
8147
126
1088
2528
9356
4948
8888
6576
5984
26
9450
8342
7736
4358
5045
6775
3232
623
2409
4200
6076
4968
3685
8704
6929
9486
7459
3153
3895
1734
2154
174
842
176
563
4319
3338
2894
8623
8505
1965
1304
6597
7898
4336
2445
5182
1901
3932
6805
5289
4589
1110
5409
7923
3112
6931
5885
8426
4226
6115
4617
2490
2556
6202
5266
7582
1642
822
3415
8428
6614
3483
2650
5823
306
1578
5414
1185
8455
3272
3590
1587
3410
4684
264
6748
8755
2132
1452
768
9387
1424
4612
3940
6097
5527
3666
7355
4632
4425
5481
9112
3695
8817
5095
8364
2487
1797
5035
6668
2621
6755
6309
1372
7449
2839
46
1147
1936
4369
5407
4337
3864
3160
8120
5543
917
1205
5085
6532
4622
4850
8209
1845
7395
4810
6669
2594
200
1099
8336
8781
570
5743
8445
3394
654
2771
5670
6794
12
4212
2288
6948
4038
9201
8184
2365
8596
5866
2313
4473
557
1058
6712
278
6140
1540
7223
5701
9270
6527
1665
140
2592
1519
7315
5906
1102
4470
6114
4579
436
7994
8450
2270
1982
3563
9093
8002
7113
2401
548
1768
9305
8243
7387
2659
4416
4112
300
4395
6105
4307
393
655
8880
2573
2293
4508
1518
685
257
6028
5880
3216
450
7934
829
3823
3041
585
7021
115
7971
6188
6327
835
7028
5570
3495
1278
9041
6197
3947
4101
4312
7594
3442
2171
5401
6180
5375
2874
3440
2077
543
6438
5665
6543
1060
165
5531
7913
9377
2625
651
2984
1904
3559
3508
9247
8248
749
2941
2423
2169
4625
7555
8125
2082
560
4825
1178
4572
6595
846
7098
1694
6241
7881
102
5704
1805
6058
7483
4215
1295
9074
6925
4738
4490
2609
8758
4915
7274
5820
1865
558
636
5229
8270
2796
6571
6074
1483
3709
6036
2125
3443
3034
4666
7504
4241
9420
3865
1953
9273
3530
7033
7905
5967
1240
9109
4588
2772
2853
8759
8407
2899
7679
4296
4647
1078
7245
7472
6273
7032
2417
1200
7851
2463
2904
1586
7502
6158
6023
1053
2740
9252
5410
9454
8366
6726
3447
6719
7773
9080
3275
1040
6463
2042
1093
4263
8957
1155
6203
4040
2433
4298
5982
1400
3047
4104
2988
1644
6926
9407
8007
4267
670
8722
2408
3926
304
1788
2128
2053
4829
6130
7203
680
5360
4455
3887
9174
137
6506
5122
1356
187
2918
6183
4354
3117
8042
5357
3604
8518
7916
3792
1756
5161
465
8285
1277
3027
6566
9006
3970
8992
3564