5786
2
8842
9086
9188
1160
3797
4481
3106
8672
2017
5005
5389
3918
5693
2699
9024
9085
7724
8567
2749
8863
1738
3296
1562
2194
7551
2496
8015
573
7242
8845
8361
547
2858
6974
167
7143
8433
1362
9421
2686
4547
4199
8411
1077
773
8607
8029
5551
1648
5250
7853
1612
2028
1882
4544
3341
8659
3409
1263
8476
1011
1941
2258
5443
1993
8927
7892
3782
7197
479
4246
3069
3859
1192
7365
8169
3093
2039
4912
360
4325
5915
4521
7845
266
5636
7843
8495
3469
5214
7250
2816
3062
9248
5999
3204
3920
5016
3662
3897
724
6842
5560
6322
5092
1623
584
4334
6956
4776
8670
3890
6896
690
8309
1438
8725
8121
3005
1353
8403
9082
2147
2893
6934
7351
2314
4110
9219
5497
8173
2539
2231
8855
1148
3082
3589
5439
8857
8467
7617
1983
5871
5408
2029
7696
3239
1688
9327
5426
8692
4813
1601
996
3595
8774
8242
7401
4931
4469
494
1548
6620
9408
1954
498
8006
3121
4900
913
2188
5621
8977
5000
1173
6068
9220
2444
1627
4193
4225
2685
6175
7331
9297
4877
1524
4149
2495
5255
4733
2492
5623
7622
52
6370
812
4943
1062
6757
5992
4277
7883
7362
3610
2620
2875
2506
7631
6271
8771
6227
9296
8014
7756
8523
3407
7024
7567
6800
6187
727
4564
3441
834
6330
235
6788
503
4479
6907
2805
9434
2721
109
9364
3834
3255
6791
7337
6900
8600
2976
3048
3901
1095
4362
8620
4624
7445
2183
5765
1305
4379
5193
6856
1535
7030
3234
4911
4483
1342
4270
7436
9298
7824
6660
4721
7140
8435
6331
6891
5726
3161
7105
2910
5771
1741
3929
3663
1588
7161
3491
6112
9179
7718
7214
3907
1230
7144
5855
524
7247
6558
6013
502
3941
4899
7675
4974
2161
8852
8612
9308
396
3562
1073
5117
6381
346
6899
7461
911
1753
1991
3993
7779
4278
4880
6434
4711
538
3520
7847
7732
7284
4394
5326
374
9390
2782
2075
2793
8205
3701
4434
2687
4992
4291
2335
5506
1211
6849
5226
66
6186
6037
3769
7185
5909
9095
5709
5883
2920
4815
691
9147
5613
5557
6339
7798
428
4509
9422
3456
7942
1616
6922
8074
8793
7151
4487
2515
2741
9081
5202
9116
8275
7792
9053
9395
539
7682
7870
5815
656
8491
1841
42
5126
4173
579
1615
4782
2373
4361
1194
3717
7891
611
2246
3486
7235
1995
3682
7753
7712
5696
1397
6451
4363
485
4222
4452
5319
2150
4229
737
2803
6148
2256
2538
3985
4514
5996
3070
6784
7653
5082
658
1096
935
164
3219
6004
9369
1104
1720
7280
6454
3122
8768
21
419
2006
2429
596
9055
6423
5802
5715
2303
1777
2593
3863
6658
1284
4892
8423
8908
1131
4136
6047
1891
1589
9452
5887
5227
7570
8650
7956
8748
1445
3839
8699
8000
7706
5450
7912
7623
5205
5231
2225
1629
9126
3271
9441
6415
285
6388
1493
4817
4191
7809
8756
421
7271
6270
6025
6774
2522
9107
942
6011
8146
7201
4560
5477
4947
1944
10
4397
5353
3429
8446
3523
8036
9089
2059
417
3789
8482
3155
2660
5910
8481
8387
2998
9128
8897
3579
4068
3499
4862
6624
6651
8807
3283
3804
1280
7014
5317
3794
8095
4836
1932
7727
3030
9175
1112
4796
4651
2867
7426
8630
8636
3376
6299
2159
5893
3650
3848
1097
889
2277
4437
5812
6369
3791
2905
8133
5711
2290
7088
8255
5073
4582
5869
9122
6017
2855
7591
8664
4205
9023
9113
9004
1116
8204
2968
43
8641
5
998
150
7639
7648
5631
8144
6246
5153
7352
9489
2090
6052
139
4343
1781
1203
5781
7921
1619
1039
7055
5717
7558
8617
8609
2341
6349
1281
7767
400
8579
3736
3828
2168
7823
1966
3
4770
8826
5434
4332
5009
8840
363
8265
7394
598
251
6234
582
1411
5495
8337
7198
4391
3712
2848
8806
9388
6787
5372
1390
4661
4914
320
8134
9198
6493
4322
5928
7344
1643
642
540
8739
5547
1849
2817
797
8561
6519
8980
1959
4570
2564
7435
2367
3273
2870
8434
4820
6335
8059
9072
9409
2668
9268
1961
965
3727
4921
4714
1100
4502
6863
3836
76
2484
7008
7955
8076
3529
4549
1934
7512
7165
1430
8715
968
7505
4087
5607
8267
6088
7928
8201
2971
8171
3391
6290
1624
8202
7243
2544
4176
2560
5260
6869
7531
7341
717
7216
8148
2822
3449
2476
4308
9136
706
3995
4523
4217
4041
531
1726
2731
7865
1235
3690
1071
7709
8850
953
4102
8065
8894
8324
5334
2642
3446
6672
3182
9386
2055
9471
7858
1929
9111
3475
6807
729
4249
8050
6080
1813
8261
3110
4375
1933
3638
3157
4442
6517
1955
6887
1291
6601
443
3430
5795
3092
8367
5612
8786
7386
2727
2266
6139
6480
1827
825
6172
4772
1486
1652
4453
7388
460
7211
3677
1710
6198
3140
6793
9393
6984
1226
6437
8326
2669
377
646
5437
5790
7
6769
5164
8199
4540
9367
9279
2750
4132
1634
1703
103
7849
2886
791
2034
7946
2344
5788
9139
7122
7340
7187
8447
8660
7513
2144
3154
5705
3554
5867
258
3661
4689
967
9048
8652
3917
2156
6643
487
6782
8686
5932
6954
4981
335
4746
4503
5042
5337
3726
7901
5287